1777
1777
1795
1645
1292
1084
1061
963
1122
1084
957
1044
1256
1232
1362
1245
1357
1290
1517
1423
1278
1241
1122
1350
1292
1203
1194
1091
1380
1542
1415
1371
1238
1555
1591
1618
1537
1705
1675
1682
1756
1919
1440
1882
2104
2120
2016
2031
1758
1811
1757
1692
1870
1926
2243
2214
2187
2343
2136
2141
1982
2039
2196
2184
2176
2223
2202
2168
2157
2321
2302
2577
2710
2800
2658
2657
2859
2705
3155
2980
3046
2860
2742
2525
2566
2534
2582
2680
2638
2595
2704
2519
2654
2690
2663
2745
2568
2280
2959
2885
2832
2784
2917
2963
2809
2798
2765
2521
3134
3206
2932
2719
2497
2360
2340
2160
2274
2447
2371
2711
2805
3038
2976
3027
3125
2950
3056
2982
2839
2855
3016
3221
2466
3246
3324
3122
3023
2929
2662
2597
2319
2361
1872
2480
2585
2663
2659
2171
2834
2897
2928
2770
2473
3141
3111
2970
2935
2223
2750
2816
2712
2698
2538
2324
2246
2244
2352
2406
2166
2213
2163
2180
2253
2177
2263
2266
2358
2437
2409
2534
2528
2519
2527
2393
2320
2223
2369
2470
2402
2327
2310
2252
1892
2258
2219
2298
2222
2434
2395
2536
2476
2412
2634
2216
2482
2342
2123
2045
1937
2102
2083
2029
2114
2005
1982
1889
1914
1987
1907
2080
2063
2022
2121
2052
2087
2012
1965
2040
1959
1990
1780
1655
1598
1424
1549
1361
1399
1416
1263
1094
1187
1085
1114
1033
987
916
846
993
962
1038
1048
1004
1189
1088
1182
1184
1092
1191
1059
1146
1096
1088
994
1133
1126
1029
1248
1418
1424
1305
1322
1246
1282
1206
1113
1122
1010
1122
1088
983
1111
1150
1104
1098
1005
1069
1107
1086
1218
1170
1009
1060
1006
977
883
943
974
1046
1083
1158
992
987
1095
1051
1284
1403
1419
1511
1427
1711
1671
1711
1847
1698
1718
1634
1560
1614
1493
1445
1304
1496
1507
1583
1623
1575
1541
1523
1520
1556
1441
1785
1802
1709
1998
1897
2022
2002
2083
2052
1936
1988
1959
1873
1811
1817
1939
2062
2048
2111
2010
2031
2091
2048
2082
1962
1975
1881
1988
2156
1903
1753
1616
1578
1564
1552
1618
1639
1668
1681
1651
1802
1907
1973
2032
2040
1930
1920
1908
2017
1984
2168
2076
2091
1995
1972
1808
1877
1830
1790
1708
1590
1711
1729
1791
1720
1791
1975
2017
2180
2063
2173
2120
1889
1870
1625
1388
1389
1304
1543
1566
1692
1756
1842
1888
1743
1916
2032
2061
2021
2012
2090
2076
2067
1988
1975
1592
1975
1883
1883
1806
1762
1807
1766
1808
1910
1793
2093
2037
2058
2027
1682
2092
1901
1824
1927
1984
2005
1964
1932
1974
1564
2016
1854
1850
1770
1631
1685
1733
1755
1749
1720
1768
1887
1940
1993
1849
2229
1899
1852
1698
1783
1784
1650
1719
1539
1459
1399
1358
1354
1253
1107
1359
1320
1395
1415
1305
1583
1450
1499
1339
1161
1420
1341
1228
1248
1219
1364
1229
1317
1361
1266
1428
1372
1314
1199
1135
1137
1153
1102
1097
1016
1036
1014
1056
985
873
1041
1051
1096
1026
1020
1128
1024
1105
1026
908
1099
1140
1133
1131
1024
1123
1041
1033
1008
914
1066
1047
997
978
889
1041
955
955
864
754
884
865
864
806
809
894
884
918
865
824
925
890
929
897
925
978
855
893
794
879
935
869
943
889
831
945
868
991
902
852
852
805
874
861
873
906
849
912
842
864
996
917
924
906
946
1012
900
984
965
878
989
923
952
962
890
974
947
1082
1010
921
956
914
901
934
870
967
929
853
801
713
941
870
940
856
714
879
861
875
791
690
804
753
836
800
686
792
776
842
853
787
893
941
931
867
734
876
898
931
882
805
928
904
1002
972
879
987
962
1056
964
845
979
935
961
1018
956
1145
1044
1142
1028
895
1119
1138
1169
1202
1173
1147
1065
1181
1081
949
1091
1028
1055
1040
947
1073
1025
1085
1027
918
1054
1086
1035
1056
1086
1184
1145
1151
1215
1319
1347
1202
1254
1242
1145
1288
1306
1374
1398
1292
1541
1451
1574
1449
1276
1481
1527
1611
1613
1520
1557
1503
1485
1369
1206
1416
1478
1542
1567
1447
1572
1563
1546
1497
1492
1482
1511
1565
1457
1403
1485
1475
1430
1487
1537
1430
1723
1748
1622
1626
1492
1312
1556
1534
1245
1499
1486
1751
1668
1638
1798
1647
1545
1584
1751
1787
1763
1808
1797
1894
1910
1865
1778
1806
1803
1710
1631
1589
1709
1891
1809
2091
2011
1909
1880
1966
1920
1895
1799
1762
1737
1756
1740
1639
1729
1776
1748
1924
1899
1890
2171
2139
1947
2297
2122
1951
2040
1908
2270
2117
2222
1995
1734
2119
2134
2198
2235
2065
2344
2437
2366
2371
2319
2151
2099
2102
1959
2041
2037
1919
2092
2057
2191
2383
2448
2505
2469
2401
2284
2182
2171
2167
2059
2001
2027
1920
1791
2038
2021
1942
2021
1855
1748
1631
1507
1621
1464
1469
1418
1294
1470
1531
1670
1768
1723
1662
1474
1382
1212
1108
1057
1067
1032
1034
1045
1096
1106
1089
1114
1152
1243
1174
1167
993
905
917
1134
1307
1428
1361
1311
1239
1269
