834
834
973
973
1111
1111
1111
1111
1389
1389
1389
1389
1667
1667
1667
1667
1667
1667
1806
1667
1667
1667
1667
1528
1528
1389
1250
1250
1250
1389
1389
1389
1389
1528
1667
1667
1667
1806
1667
1667
1806
1806
1806
1806
1945
1945
1945
1945
1806
1806
1806
1806
1806
1806
1667
1667
1667
1667
1667
1667
1667
1667
1667
1806
1945
1945
1945
2084
2084
2084
1945
1945
2084
2084
2084
2501
2223
2084
2501
2223
2084
2501
2223
2084
2084
2084
2084
2501
2223
2223
2223
2223
2223
2223
2223
2223
2223
2223
2223
2223
2223
2223
2223
2223
2223
2223
2779
2223
2918
2501
2223
2223
2084
2084
2084
2084
1945
2362
2084
2501
2084
2779
2362
2223
2779
2362
2084
2640
2501
2501
2640
2779
2918
2918
2918
2918
2779
2779
2501
2501
2362
2223
2223
2084
2084
2084
2084
2084
2223
2223
2223
2223
2223
2501
2779
2779
2779
2779
2918
3057
3057
3057
3057
2918
2918
2918
2918
2779
2779
3057
2918
2918
3057
3057
3057
3057
3057
3057
3057
3057
3057
2918
3057
2918
2918
3057
3057
3057
2918
2918
2918
2779
2779
2779
2779
2779
2779
3057
3057
3057
3057
3057
3057
3057
2918
2779
2640
2501
2501
2501
2501
2501
2501
2501
2501
2362
2362
2501
2501
2501
2501
2501
2501
2501
2501
2501
2362
2501
2223
2223
2223
2084
2084
2084
2084
2084
2084
2084
2084
2084
2084
2084
2084
2084
1945
1806
1806
1806
1806
1945
1806
1806
1945
1945
1945
1945
1945
1945
1945
1945
2084
1945
1945
1945
1945
1945
1945
2084
2084
2084
2084
2084
2084
2084
2084
2084
1945
2084
2084
2084
2084
2084
2084
2084
2084
2084
2084
2084
2084
2084
2084
2084
2084
2084
2084
2084
1945
2084
2084
2084
1945
1945
2084
1945
2084
2084
2084
2223
2223
2223
2223
2223
2223
2223
2223
2084
2084
2084
2084
2084
2084
2084
2084
2084
2084
2084
2084
2084
2084
2084
2084
2084
2084
2084
2084
2084
2084
2501
2084
2084
2084
2084
2084
2223
2223
2084
2223
2223
2223
2223
2084
2084
2084
2084
2084
2084
2084
2084
2084
2084
2084
2084
2084
2084
2223
2084
2084
2223
2084
2084
2084
2084
2084
2084
2501
2084
2084
2084
2084
2084
2084
2084
2084
2084
2084
2084
2084
2084
2084
2084
2084
2084
2084
2084
2084
1945
1945
1945
1945
1945
1945
1945
1945
1945
2084
1945
1945
1945
1945
1945
2084
2084
2084
2084
2084
2084
2084
2223
2223
2223
2223
2362
2362
2362
2362
2362
2362
2223
2223
2223
2223
2223
2223
2223
2223
2223
2223
2223
2223
2223
2084
2084
2084
2084
2223
2223
2223
2084
2084
2084
2084
2084
2084
2084
2084
2084
2084
2084
2084
2084
2084
2084
2084
2084
2084
2223
2223
2223
2084
2084
2084
2084
2223
2084
2084
2084
2084
2084
2084
1945
1945
1945
1945
2084
2084
2084
2084
2084
2084
2084
1945
1945
1945
1806
1806
1806
1806
1806
1806
1806
1945
1945
1945
1945
1945
1806
1806
1806
1806
1806
1806
1667
1806
1667
1667
1667
1667
1806
1806
1806
1806
1806
1806
1806
1806
1806
1806
1806
1806
1945
1806
1806
1945
1945
1945
1945
1945
1945
1945
1945
1806
1945
1945
1945
1945
1945
1945
1945
1945
1806
1806
1806
1806
1806
1806
1806
1806
1806
1806
1806
1806
1806
1806
1806
1806
1806
1806
1945
1806
1806
1806
1806
1806
1806
1806
1806
1667
1806
1667
1806
1806
1667
1806
1667
1806
1667
1667
1806
1806
1806
1806
1806
1806
1806
1806
1806
1806
1806
1806
1806
1806
1667
1806
1806
1806
1667
1667
1806
1806
1806
1667
1667
1806
1667
1806
1667
1667
1806
1806
1806
1806
1806
1806
1806
1806
1806
1806
1806
1667
1806
1667
1667
1806
1806
1806
1806
1806
1945
1806
1806
1806
1806
1945
1945
1945
1945
1945
1945
1945
1945
1945
1945
1945
1945
1945
1945
1945
1945
1945
1945
1945
1945
2084
2084
2084
2084
2084
2084
2084
2084
2084
2084
2084
2084
2084
2084
2084
2084
2084
1945
1945
1945
2084
2084
2084
2084
2084
2084
2084
2084
2084
2084
2084
2084
2084
2084
2084
2084
2084
2084
2084
2084
2084
2084
2084
2084
2084
2084
2084
2084
2084
2084
2084
2084
2084
2084
2084
2084
2084
1945
1945
1945
2084
2084
2084
2084
2084
2084
2084
2084
2084
2084
2084
2084
2084
2084
2084
2084
2084
2084
2084
2084
2084
2084
2084
2084
2084
2084
2084
2084
2084
2084
2084
2084
2084
2084
2084
2084
2084
2084
2084
2084
2084
2084
2084
2084
2084
2084
2084
2084
2084
2084
2084
2084
2084
2084
2084
2084
2223
2223
2223
2223
2223
2223
2223
2223
2084
2084
2084
2084
2084
2084
2084
2084
2084
2084
2084
2084
1945
1945
1945
1945
1945
1945
1945
1806
1806
1806
1945
1945
1945
2084
2084
2084
2084
2084
2084
2084
2084
2084
2084
2084
2084
2084
2084
2084
2084
2084
2084
2084
2084
2084
2084
2084
2084
2084
1945
1945
1945
2084
2084
2084
2084
2084
2084
2084
2084
1945
1806
1945
1667
1667
1667
1667
1667
1667
1667
1667
1667
1806
1806
1806
1945
1806
1667
1667
1667
1667
1389
1389
1389
1389
1389
1389
1389
1389
1389
1389
1389
1389
1250
1250
1389
1389
1528
1528
1528
1667
1667
1667
