1.029
0.902
2.131
2.058
2.197
2.399
2.482
3.304
3.402
3.467
4.318
4.413
3.620
4.078
4.205
3.775
3.676
3.859
3.734
3.301
3.608
3.546
5.762
3.318
3.217
2.996
2.973
3.519
3.160
2.497
2.953
2.718
3.655
3.030
2.791
3.453
3.555
3.188
3.257
3.720
2.942
3.471
6.432
5.979
5.690
4.864
4.391
3.582
4.295
3.813
4.122
3.850
3.374
3.736
2.886
2.777
3.254
2.859
3.320
3.083
3.577
3.590
2.854
3.180
3.556
3.132
3.418
2.905
4.130
3.087
3.381
2.379
2.828
2.530
2.993
3.097
3.419
3.234
2.176
2.402
2.763
2.601
2.592
3.622
3.069
3.139
3.366
2.850
2.950
3.210
3.320
3.387
2.856
3.503
3.475
2.999
3.429
4.114
2.458
2.947
3.090
2.797
2.380
2.387
2.949
2.623
2.824
3.366
2.270
2.297
2.379
2.662
3.087
3.437
3.414
3.579
3.334
2.584
3.302
2.457
3.207
2.070
2.440
2.142
2.247
2.437
2.262
2.692
2.123
2.452
2.310
2.130
3.490
2.633
2.083
2.229
2.075
2.049
2.662
2.366
3.115
2.727
5.871
2.499
2.550
2.783
2.931
5.597
2.933
2.112
2.248
2.479
3.576
2.797
2.214
2.204
2.501
3.997
3.902
3.157
3.057
4.438
3.712
3.844
4.315
4.451
4.628
3.979
4.452
4.254
4.066
4.407
4.683
4.396
4.396
4.233
3.794
4.322
3.721
3.150
3.334
3.631
3.477
3.710
4.744
4.115
4.203
3.252
3.529
3.663
3.313
3.759
4.191
4.202
3.669
3.402
3.870
4.297
3.759
3.304
3.495
3.799
3.591
3.906
3.305
3.614
4.155
3.959
4.125
3.469
3.678
3.967
3.734
3.911
3.884
3.938
3.974
3.687
4.149
3.928
3.713
3.899
3.939
3.992
3.659
4.087
4.180
3.646
3.569
3.698
3.706
4.361
4.233
4.644
4.218
4.794
4.639
4.483
4.882
5.068
4.756
5.053
4.855
4.980
4.794
5.115
5.672
4.999
5.104
4.940
4.978
4.971
5.231
5.276
4.823
4.839
5.009
4.876
5.035
4.980
5.259
5.111
4.911
4.922
4.853
6.224
5.685
5.228
4.551
4.703
4.455
4.727
4.887
4.909
5.255
5.062
5.054
5.160
5.313
5.333
5.514
5.305
5.057
5.193
5.246
5.179
5.150
5.100
4.805
4.922
5.039
5.195
5.532
5.142
6.368
6.174
6.138
5.991
5.481
5.070
5.413
5.171
4.928
5.114
4.933
4.903
4.774
4.513
4.622
4.296
4.180
4.545
3.918
4.498
4.137
4.160
4.329
4.008
4.383
4.635
4.574
4.840
4.312
4.319
4.235
4.200
4.309
4.290
4.684
4.046
4.451
3.947
3.917
4.390
3.643
4.431
4.103
4.137
3.815
4.068
4.259
3.982
4.083
3.797
4.196
4.219
3.959
3.538
3.891
3.966
4.050
4.151
4.181
3.791
4.120
4.084
3.906
4.441
4.779
4.100
4.487
4.758
4.820
4.714
4.586
4.738
4.306
4.370
4.474
4.867
4.891
4.762
4.449
3.993
4.239
3.678
3.928
3.867
4.187
3.439
3.847
3.525
3.526
3.636
4.494
3.985
4.065
4.844
3.896
4.050
4.420
4.513
4.366
4.024
4.107
4.709
4.436
4.114
3.635
3.251
3.055
3.211
3.267
3.880
3.895
4.057
4.066
4.034
4.453
3.939
3.926
3.422
3.539
3.116
3.405
3.776
3.851
3.403
3.564
3.544
3.939
3.965
3.567
3.982
3.777
3.967
4.339
3.938
3.816
3.612
3.807
3.973
4.057
4.354
4.292
4.082
4.228
3.370
3.380
3.437
4.028
4.449
3.628
3.910
4.061
3.530
3.853
3.747
3.709
3.479
3.555
4.398
3.569
4.145
3.568
4.066
4.617
4.205
4.376
4.191
4.025
3.773
3.851
3.600
3.571
4.057
3.746
2.741
3.689
4.038
4.101
3.979
4.232
3.816
3.908
4.450
4.337
4.333
4.282
4.314
4.489
4.762
4.049
4.539
4.289
4.071
4.623
3.640
4.161
4.186
4.641
4.607
3.815
4.295
4.419
4.129
4.313
4.130
4.463
4.360
4.388
4.477
3.979
4.255
4.147
4.547
4.721
4.634
4.602
4.560
4.600
4.912
5.040
5.218
4.624
4.799
6.273
6.005
6.044
6.071
6.022
5.803
5.719
5.056
4.679
4.854
5.821
5.494
5.172
4.580
4.643
4.812
4.699
4.982
5.044
5.096
5.078
4.808
5.082
5.077
4.975
5.526
4.956
5.094
5.086
5.244
6.288
6.239
6.222
6.292
6.273
6.310
6.230
6.181
6.186
6.162
6.226
6.109
6.163
5.977
5.834
5.462
5.058
5.351
5.247
5.141
5.240
5.342
5.255
5.131
5.299
5.363
4.953
5.177
4.980
5.238
5.333
5.310
5.372
5.061
5.812
5.391
5.162
5.324
5.143
5.125
5.279
4.746
4.963
5.042
5.046
4.979
4.804
4.945
4.987
5.100
5.232
5.128
4.818
4.927
4.858
4.821
4.913
4.712
4.735
4.602
4.914
4.944
5.076
4.886
4.996
5.230
5.213
5.219
5.112
5.220
6.274
6.092
6.115
5.788
5.106
6.061
6.320
6.006
5.265
5.272
5.645
5.645
5.642
5.625
5.280
5.388
5.321
5.385
4.977
5.200
6.373
6.054
5.977
5.915
5.415
6.222
6.104
6.053
6.146
6.169
6.120
5.967
5.269
5.030
5.067
5.681
4.961
5.005
4.819
5.100
5.281
5.390
5.211
5.083
5.194
5.690
5.600
5.482
4.985
5.321
6.348
6.176
6.056
5.809
5.742
4.972
4.903
4.936
4.715
5.127
5.613
5.336
5.202
5.001
5.169
5.267
5.201
5.281
4.962
5.161
6.097
5.995
5.945
6.021
5.333
5.128
4.950
5.023
4.871
5.162
4.468
4.692
5.293
5.386
5.256
4.956
5.270
4.982
4.468
4.637
4.571
4.359
4.897
4.768
4.642
6.244
5.993
5.495
5.497
4.578
4.410
4.338
4.494
4.604
4.763
6.057
6.235
4.904
4.956
4.541
4.522
4.615
4.355
4.441
4.425
4.428
4.581
4.530
4.665
4.976
4.990
4.466
4.681
4.473
4.789
4.436
4.810
4.151
4.426
4.403
4.818
4.764
6.050
5.788
4.723
5.954
5.704
5.586
4.243
4.338
4.474
4.145
4.462
4.388
4.176
3.884
3.599
3.816
3.673
3.727
3.749
3.339
3.767
3.683
3.591
3.693
4.067
4.205
4.015
4.433
3.310
4.050
3.356
3.272
3.822
3.840
3.492
4.224
3.714
3.629
3.738
4.231
3.779
3.806
3.705
3.726
3.565
3.680
3.332
3.488
4.113
3.125
3.014
3.636
2.305
2.849
3.471
3.147
3.405
2.644
3.234
2.424
3.650
3.959
2.935
2.934
2.899
3.260
4.108
3.125
3.084
2.912
2.815
3.027
3.213
3.153
2.732
3.391
3.104
2.762
3.055
3.091
3.367
3.542
3.333
2.645
2.734
2.673
3.295
3.338
3.831
3.402
3.237
3.358
2.838
2.835
3.673
4.145
3.248
3.589
3.759
3.398
3.405
3.599
4.118
3.804
4.000
3.016
3.477
3.321
3.850
3.949
3.688
3.535
3.142
3.468
3.060
3.679
3.776
3.997
4.201
3.779
3.749
3.465
3.665
4.077
3.784
3.527
3.539
3.485
3.437
2.680
3.032
2.915
3.459
3.468
4.484
3.518
3.698
2.990
3.169
3.591
3.847
3.868
