2.833
2.692
2.985
3.201
3.182
3.183
3.037
3.306
3.378
3.391
3.584
3.423
3.500
3.489
5.821
3.396
5.909
5.670
3.354
2.869
2.869
3.242
3.009
3.324
3.373
5.669
5.964
6.181
5.820
5.955
5.936
6.346
6.310
6.367
6.301
6.414
6.247
6.384
6.403
6.461
6.405
6.942
7.026
7.036
7.021
7.071
6.986
6.983
6.856
6.670
6.677
6.708
7.008
7.121
7.132
7.155
7.110
7.089
7.036
7.064
7.104
7.059
7.021
7.005
7.016
6.985
6.841
6.985
7.026
7.120
7.179
7.169
7.140
7.253
6.996
7.167
7.269
7.011
7.179
7.287
6.951
7.150
7.234
7.208
7.209
7.236
6.951
7.112
7.135
7.150
7.123
7.096
7.125
7.144
7.094
7.094
7.178
7.172
7.156
7.088
7.145
7.181
7.194
7.202
7.201
6.954
7.308
7.122
7.265
7.238
7.177
7.166
7.141
7.117
7.189
7.280
6.970
7.306
7.195
7.422
6.982
7.253
7.272
7.023
7.210
7.305
6.604
6.640
6.757
6.845
6.776
6.759
6.713
6.702
6.579
6.552
6.514
6.512
6.404
6.493
6.673
7.078
7.218
7.198
7.177
7.176
7.176
7.071
7.055
6.942
6.922
7.040
6.857
6.652
6.597
6.594
6.623
6.698
6.627
6.621
6.621
6.486
6.538
6.559
6.595
6.746
6.712
6.653
6.554
6.475
6.568
6.428
6.551
6.613
6.550
6.633
6.614
6.609
6.594
6.636
6.692
6.649
6.632
6.636
6.659
6.587
6.546
6.543
6.535
6.518
6.541
6.521
6.575
6.550
6.453
6.656
6.595
6.551
6.543
6.567
6.696
6.651
6.490
6.524
6.503
6.434
6.462
6.444
6.381
6.433
6.495
6.436
6.456
6.420
6.484
6.534
6.471
6.602
6.512
6.467
6.554
6.512
6.512
6.454
6.480
6.501
6.467
6.465
6.453
6.343
6.446
6.347
6.447
6.371
6.440
6.428
6.246
6.333
6.052
6.073
6.224
6.174
5.910
5.822
3.168
6.105
5.951
5.973
5.881
5.966
6.280
6.041
6.262
6.180
6.244
6.396
6.213
6.282
6.283
6.246
6.344
6.287
6.298
6.319
6.264
6.460
6.299
6.336
6.242
6.244
6.316
6.252
6.326
6.233
6.251
6.421
6.271
6.313
6.279
6.228
6.302
6.274
6.277
6.247
6.336
6.362
6.302
6.271
6.105
6.256
6.299
6.052
6.146
6.197
6.067
6.193
5.952
6.139
6.004
5.939
6.241
6.167
6.399
6.397
6.445
6.457
6.395
6.474
6.438
6.540
6.551
6.502
6.450
6.366
6.393
6.447
6.214
6.316
6.292
6.274
6.398
6.426
6.486
6.361
6.448
6.499
6.474
6.553
6.549
6.546
6.602
6.843
7.136
7.204
7.242
7.259
6.937
7.166
7.095
7.053
6.988
6.759
6.614
6.569
6.602
6.794
6.689
6.666
6.800
7.018
7.065
7.063
7.084
7.000
6.954
6.962
7.067
7.212
7.160
7.083
7.039
6.910
6.648
6.394
6.342
6.408
6.308
6.475
6.732
7.051
7.222
7.273
7.331
6.971
7.220
7.181
7.086
7.131
7.051
7.084
7.025
7.025
7.062
7.083
7.004
6.995
6.970
6.933
6.846
6.725
6.833
6.877
6.960
6.952
7.082
7.205
7.205
7.195
7.151
7.205
7.194
7.134
7.088
6.915
7.005
6.207
6.134
6.365
6.332
6.356
6.401
6.437
6.440
6.350
6.503
6.576
6.486
6.472
6.463
6.537
6.607
6.544
6.541
6.494
6.510
6.444
6.423
6.477
6.384
6.339
6.397
6.421
6.536
6.456
6.489
6.520
6.447
6.518
6.848
7.029
7.035
6.851
6.620
6.492
6.550
6.692
6.905
6.926
6.986
6.992
6.991
6.991
6.999
6.937
6.481
6.856
7.009
7.105
7.004
6.964
6.970
6.829
6.764
6.526
6.424
6.458
6.364
6.469
6.396
6.462
6.520
6.376
6.515
6.399
6.417
6.401
6.273
6.099
6.050
6.124
6.170
6.128
6.250
6.276
6.307
6.392
6.275
6.262
6.262
6.389
6.383
6.250
6.310
6.219
6.310
6.446
6.398
6.437
6.401
6.374
6.480
6.393
6.474
6.302
6.201
6.325
6.237
6.314
6.226
6.213
6.297
6.183
6.253
6.142
6.210
6.337
6.106
6.260
6.128
6.177
6.255
6.160
6.227
6.179
6.197
6.243
6.107
6.221
6.143
6.059
6.249
6.155
6.188
6.022
6.103
6.253
6.091
6.194
6.256
6.216
6.269
6.032
6.072
5.937
5.996
6.173
6.023
5.923
5.957
6.012
6.048
6.044
6.101
6.047
6.150
6.140
6.115
6.133
6.051
6.106
6.266
6.062
6.090
5.957
6.143
6.232
6.020
6.099
6.077
5.938
6.207
6.125
6.239
6.030
6.129
6.233
6.005
6.171
6.055
6.100
6.162
5.910
6.145
6.049
6.060
6.176
6.062
5.821
5.972
6.047
6.272
5.671
6.108
6.003
5.909
6.156
5.821
5.671
3.566
5.821
6.053
5.821
6.040
5.671
5.671
6.111
5.671
6.004
5.996
6.115
6.211
5.957
5.926
3.537
5.821
6.133
5.821
5.909
3.462
5.670
5.821
3.361
5.821
3.519
3.519
5.821
3.503
5.821
3.327
5.879
5.968
3.495
6.047
5.821
5.821
6.140
5.821
5.937
3.483
3.483
6.154
5.971
6.028
5.937
5.937
6.093
5.937
6.156
6.003
6.084
6.071
6.070
6.219
6.049
6.089
6.236
6.076
6.215
6.227
6.188
6.264
6.142
6.256
6.098
6.146
6.304
6.122
6.223
6.149
6.071
6.282
6.080
6.161
6.086
6.157
6.131
5.950
6.140
6.156
6.180
6.271
6.081
6.156
6.170
6.153
6.370
6.211
6.234
6.192
6.166
6.365
6.180
6.312
6.240
6.263
6.361
6.420
6.327
6.249
6.307
6.376
6.298
6.433
6.279
6.300
6.394
6.325
6.484
6.665
6.703
6.749
6.561
6.507
6.662
6.852
6.731
6.660
6.844
6.851
6.861
6.757
6.559
6.514
6.479
6.542
6.519
6.526
6.513
6.476
6.434
6.527
6.496
6.718
6.749
6.670
6.580
6.551
6.554
6.579
6.527
6.531
6.602
6.709
6.656
6.553
6.527
6.527
6.543
6.555
6.542
6.609
6.551
6.623
6.609
6.602
6.656
6.407
6.373
6.447
6.460
6.512
6.368
6.388
6.454
6.513
6.535
6.483
6.508
6.467
6.392
6.463
6.299
6.191
6.377
6.461
6.256
6.461
6.445
6.335
6.423
6.434
6.324
6.326
6.177
6.195
6.631
6.775
6.447
6.290
6.346
6.374
6.367
6.453
6.365
6.601
7.053
7.080
7.140
7.104
7.028
6.956
7.056
7.060
7.094
7.149
7.168
7.082
7.050
6.928
6.924
6.902
6.959
6.969
6.732
6.916
7.126
7.131
7.128
7.041
6.800
6.821
6.611
6.688
6.726
6.454
6.386
6.247
6.457
6.828
7.023
7.107
7.130
7.136
7.158
7.089
7.082
7.013
6.863
6.558
6.346
6.264
6.161
6.485
6.342
6.501
6.767
6.814
6.655
6.444
6.435
6.499
6.286
6.180
6.059
5.820
6.272
6.188
6.466
6.391
6.411
6.443
6.187
6.077
5.829
5.670
2.725
3.240
3.179
3.230
3.247
3.252
2.924
3.261
3.315
3.328
5.669
3.303
3.277
3.198
3.260
3.237
3.001
3.324
5.669
3.220
3.406
3.332
3.154
3.385
