1 1777
2 1777
3 66
4 929
5 867
6 1027
7 210
8 1268
9 1036
10 821
11 1120
12 1453
13 1196
14 1487
15 1116
16 1454
17 531
18 1726
19 1316
20 1122
21 1191
22 456
23 1646
24 1221
25 1103
26 1174
27 365
28 1653
29 1687
30 1266
31 1313
32 421
33 1854
34 1611
35 1628
36 1441
37 1855
38 1628
39 1673
40 1811
41 2062
42 951
43 2632
44 2419
45 2188
46 1894
47 2025
48 1470
49 1846
50 1687
51 1610
52 2028
53 1963
54 2542
55 2164
56 2139
57 2474
58 1910
59 2125
60 1804
61 2076
62 2330
63 2158
64 2153
65 2248
66 2160
67 2113
68 2124
69 2460
70 2260
71 2825
72 2809
73 2863
74 2498
75 2631
76 3031
77 1306
78 3568
79 2777
80 3081
81 2647
82 2591
83 2286
84 2581
85 2477
86 2604
87 2750
88 2563
89 2528
90 2785
91 2311
92 2762
93 2699
94 2602
95 2806
96 2374
97 1344
98 3601
99 2783
100 2746
101 2708
102 3020
103 2980
104 2629
105 2767
106 2705
107 1345
108 3710
109 3246
110 2632
111 2480
112 2253
113 2201
114 2298
115 1961
116 2364
117 2594
118 2279
119 3021
120 2864
121 3238
122 2885
123 3047
124 3191
125 2755
126 3124
127 2887
128 2685
129 2842
130 3138
131 3398
132 1695
133 3986
134 3368
135 2892
136 2895
137 2806
138 2372
139 2507
140 2021
141 2380
142 1368
143 3151
144 2664
145 2720
146 2636
147 1666
148 3501
149 2930
150 2931
151 2586
152 1287
153 3770
154 3051
155 2801
156 2871
157 1496
158 3245
159 2853
160 2582
161 2658
162 2363
163 2088
164 2146
165 2221
166 2435
167 2435
168 1901
169 2239
170 2099
171 2176
172 2310
173 2080
174 2326
175 2246
176 2426
177 2492
178 2357
179 2632
180 2498
181 2484
182 2510
183 2237
184 2225
185 2105
186 2491
187 2545
188 2310
189 2238
190 2269
191 2166
192 1518
193 2597
194 2159
195 2353
196 2125
197 2619
198 2333
199 2651
200 2392
201 2324
202 2829
203 1779
204 2722
205 2180
206 1885
207 1947
208 1812
209 2245
210 2043
211 1956
212 2176
213 1877
214 1940
215 1786
216 1919
217 2039
218 1810
219 2230
220 2026
221 1962
222 2197
223 1963
224 2101
225 1918
226 1899
227 2094
228 1860
229 2000
230 1554
231 1515
232 1525
233 1238
234 1657
235 1161
236 1424
237 1419
238 1099
239 794
240 1268
241 973
242 1132
243 717
244 932
245 837
246 759
247 1185
248 931
249 1111
250 1048
251 951
252 1369
253 960
254 1279
255 1166
256 991
257 1286
258 918
259 1220
260 1028
261 1086
262 707
263 1260
264 1107
265 708
266 1712
267 1582
268 1407
269 1174
270 1335
271 1158
272 1304
273 1120
274 1010
275 1120
276 890
277 1214
278 1036
279 759
280 1237
281 1153
282 1056
283 1082
284 760
285 1122
286 1126
287 1055
288 1336
289 1111
290 840
291 1100
292 943
293 938
294 701
295 1330
296 1253
297 1360
298 1246
299 1231
300 817
301 981
302 1183
303 1006
304 1501
305 1507
306 1421
307 1580
308 1329
309 1976
310 1615
311 1733
312 1964
313 1533
314 1722
315 1535
316 1471
317 1651
318 1359
319 1382
320 825
321 1671
322 1504
323 1642
324 1646
325 1513
326 1492
327 1490
328 1502
329 1576
330 872
331 2116
332 1786
333 1599
334 2264
335 1778
336 2126
337 1962
338 2151
339 2000
340 1802
341 2020
342 1911
343 1769
344 1732
345 1804
346 2042
347 2162
348 2015
349 2153
350 1890
351 2031
352 2129
353 1992
354 2095
355 1823
356 1968
357 1769
358 2074
359 2301
360 1633
361 1588
362 1465
363 1524
364 1534
365 1525
366 1667
367 1644
368 1681
369 1676
370 1614
371 1942
372 1991
373 2019
374 2070
375 2028
376 1816
377 1892
378 1877
379 2104
380 1933
381 2328
382 1965
383 2085
384 1881
385 1929
386 1627
387 1928
388 1764
389 1734
390 1610
391 1457
392 1822
393 1730
394 1834
395 1632
396 1845
397 2145
398 2038
399 2319
400 1928
401 2260
402 2047
403 1641
404 1832
405 1367
406 882
407 1377
408 1206
409 1764
410 1573
411 1801
412 1802
413 1909
414 1922
415 1582
416 2069
417 2127
418 2070
419 1961
420 1984
421 2146
422 2042
423 2038
424 1890
425 1943
426 1196
427 2335
428 1773
429 1865
430 1712
431 1700
432 1834
433 1708
434 1832
435 1992
436 977
437 2368
438 1962
439 2058
440 1977
441 1324
442 2477
443 1693
444 1730
445 2009
446 2022
447 2007
448 1904
449 1880
450 1989
451 1142
452 2444
453 1675
454 1827
455 1673
456 1477
457 1723
458 1762
459 1759
460 1726
461 1675
462 1791
463 1986
464 1973
465 2026
466 946
467 2576
468 1553
469 1787
470 1529
471 1850
472 1767
473 1501
474 1770
475 1346
476 1365
477 1325
478 1313
479 1337
480 1149
481 675
482 1596
483 1277
484 1455
485 1429
486 742
487 1843
488 1304
489 1532
490 1167
491 714
492 1663
493 1250
494 1104
495 1247
496 1179
497 1494
498 1083
499 1384
500 1391
501 741
502 1574
503 1311
504 1243
505 1074
506 1060
507 1128
508 1158
509 1040
510 1090
511 925
512 1046
513 992
514 1096
515 905
516 602
517 1393
518 1260
519 1333
520 1224
521 1252
522 1320
523 923
524 1174
525 938
526 627
527 1397
528 1177
529 1116
530 1117
531 908
532 1210
533 949
534 1015
535 974
536 648
537 1205
538 1019
539 937
540 942
541 647
542 1201
543 860
544 946
545 766
546 630
547 1184
548 1140
549 1126
550 1218
551 1130
552 1274
553 1320
554 1187
555 1082
556 964
557 1204
558 1110
559 1152
560 982
561 998
562 1022
563 725
564 922
565 687
566 954
567 982
568 795
569 1006
570 827
571 765
572 1048
573 783
574 1104
575 804
576 795
577 844
578 759
579 933
580 840
581 898
582 930
583 785
584 965
585 765
586 876
587 1127
588 829
589 922
590 879
591 985
592 1067
593 780
594 1058
595 936
596 793
597 1097
598 848
599 971
600 962
601 811
602 1048
603 911
604 1204
605 929
606 824
607 999
608 862
609 888
610 958
611 574
612 1054
613 890
614 769
615 742
616 538
617 1235
618 1021
619 1066
620 732
621 567
622 1154
623 868
624 931
625 700
626 540
627 922
628 725
629 910
630 784
631 566
632 890
633 761
634 899
635 856
636 571
637 1204
638 1122
639 973
640 774
641 594
642 1124
643 1116
644 1088
645 967
646 740
647 1203
648 1039
649 1090
650 933
651 634
652 1113
653 937
654 1139
655 863
656 658
657 1101
658 891
659 978
660 1063
661 692
662 1377
663 919
664 1228
665 905
666 706
667 1430
668 1349
669 1257
670 1265
671 1142
672 1109
673 974
674 1283
675 971
676 708
677 1264
678 955
679 1071
680 1015
681 690
682 1195
683 968
684 1134
685 960
686 706
687 1379
688 1361
689 1247
690 1169
691 1096
692 1270
693 1096
694 1137
695 1267
696 1417
697 1354
698 1047
699 1293
700 1243
701 1023
702 1424
703 1311
704 1427
705 1418
706 820
707 1772
708 1347
709 1681
710 1310
711 882
712 2042
713 1823
714 1680
715 1591
716 1413
717 1578
718 1443
719 1452
720 1240
721 886
722 1910
723 1633
724 1591
725 1584
726 913
727 1680
728 1538
729 1522
730 1434
731 1472
732 1457
733 1526
734 1602
735 902
736 1337
737 1559
738 1450
739 1372
740 1529
741 1578
742 874
743 1997
744 1755
745 1481
746 1614
747 916
748 916
749 1975
750 1558
751 947
752 1834
753 1460
754 1976
755 1577
756 1593
757 1938
758 1481
759 1428
760 1607
761 1900
762 1804
763 1723
764 1834
765 1775
766 1972
767 1907
768 1801
769 1675
770 1815
771 1782
772 1601
773 1528
774 1532
775 1810
776 2052
777 853
778 2349
779 1913
780 1788
781 1834
782 2032
783 1855
784 1851
785 1687
786 1707
787 1696
788 1758
789 1707
790 1522
791 1794
792 1799
793 1711
794 2079
795 1856
796 1863
797 2428
798 2085
799 930
800 2621
801 1927
802 1762
803 2116
804 913
805 2606
806 1945
807 2303
808 1759
809 927
810 2479
811 2136
812 2247
813 2243
814 963
815 2598
816 2505
817 2272
818 2352
819 2244
820 1964
821 2029
822 2083
823 1798
824 2102
825 2013
826 1783
827 2242
828 2003
829 2302
830 2549
831 2488
832 2538
833 2409
834 2309
835 2145
836 2059
837 2140
838 2141
839 1917
840 1931
841 2033
842 1804
843 1645
844 2263
845 1984
846 1846
847 2078
848 1673
849 1633
850 1499
851 1370
852 1717
853 1294
854 1460
855 1353
856 1168
857 1629
858 1577
859 1790
860 1847
861 1661
862 1585
863 1273
864 1278
865 1031
866 995
867 996
868 1066
869 988
870 1026
871 1046
872 1135
873 1105
874 1061
875 1127
876 1179
877 1321
878 1093
879 1148
880 812
881 809
882 920
883 1337
884 1474
885 1533
886 1281
887 1248
888 1156
889 1286
890 1161
