912
912
912
912
912
912
1042
1042
1303
1433
1563
1693
1824
1954
2084
2345
2345
2605
2735
2866
2605
2475
2475
2735
2866
2866
2866
2866
2866
2735
2605
2345
2345
2345
2345
2345
2345
2345
2345
2345
2345
2345
2345
2345
2475
3126
2866
2605
3126
2996
3126
3256
3256
3387
3387
3777
3908
4038
4168
4298
4429
4429
4429
4819
4819
4950
4950
4950
5080
4950
4950
4819
4689
4819
4819
4950
5080
5080
5080
5080
4950
4819
4819
4819
4950
4950
5080
5210
5210
5471
5731
5601
5731
5731
5992
5992
6122
5992
6122
6513
6122
6122
6643
6903
6122
6252
6643
7034
7164
7424
6643
7034
7034
7424
6643
7034
7164
7424
7685
7164
7555
7685
7164
7555
7034
7164
7424
7034
7034
7294
7555
7164
7424
7164
7424
7164
7424
7685
7164
7555
7685
7555
7685
7685
7685
7685
7685
7685
7555
7685
7424
7685
7294
7164
7034
6903
6643
6252
6122
6122
6122
6122
6122
6122
6122
6513
6643
6643
6252
6252
6252
6122
6122
5992
5861
5861
5861
5731
5601
5601
5471
5210
5080
4950
4819
4429
4298
4429
4168
4429
4168
4429
4298
4168
4429
4168
4429
4038
4429
4038
4298
4038
4298
4038
4298
4038
4298
4038
4298
3908
4168
4429
4038
4298
4038
4298
3777
4038
4429
3777
4038
4429
3777
4038
3647
4038
4298
4298
4298
4298
4298
4429
4429
4298
4298
4298
4298
4298
4298
4298
4298
4298
4168
4038
4038
4038
3908
3777
3387
3256
3256
3126
3126
2866
2084
2866
2084
1954
1954
1954
1824
1824
1693
1563
1433
1303
1303
1303
1303
1303
1303
1303
1303
1433
1433
1433
1433
1433
1433
1433
1433
1433
1433
1433
1433
1433
1303
1303
1303
1303
1303
1303
1303
1303
1303
1303
1303
1303
1303
1303
1303
1303
1303
1303
1303
1303
1303
1303
1303
1303
1303
1303
1303
1303
1303
1303
1303
1303
1433
1433
1433
1433
1433
1433
1433
1433
1433
1433
1563
1563
1433
1563
1433
1433
1433
1433
1433
1433
1563
1563
1563
1563
1563
1563
1563
1563
1563
1563
1563
1563
1563
1563
1563
1563
1563
1563
1563
1433
1563
1563
1563
1563
1563
1563
1563
1563
1563
1563
1563
1563
1563
1563
1563
1563
1563
1563
1563
1563
1563
1563
1563
1563
1563
1563
1563
1563
1563
1563
1563
1563
1563
1563
1563
1563
1563
1563
1563
1563
1563
1563
1693
1693
1693
1693
1693
1693
1693
1693
1693
1693
1693
1693
1693
1693
1693
1693
1693
1693
1693
1693
1693
1693
1693
1824
1824
1824
1824
1824
1824
1824
1824
1954
1824
1954
1824
1954
1824
1824
1824
1824
1824
1824
1824
1824
1824
1824
1693
1693
1824
1824
1824
1824
1824
1954
1824
1954
1954
1824
1954
1954
1954
1824
1954
1824
1824
1824
1824
1824
1824
1824
1824
1824
1824
1824
1693
1563
1563
1563
1563
1563
1563
1563
1563
1563
1563
1563
1563
1563
1563
1563
1563
1563
1693
1824
1824
1824
1824
1824
1824
1824
1824
1824
1824
1824
1824
1824
1954
1954
1954
1954
1954
1954
1954
1954
1954
1954
1954
1954
1954
1954
1954
1954
1954
1954
1824
1954
1954
1824
1824
1824
1824
1954
1954
1954
1954
1954
1954
1824
1693
1693
1693
1693
1693
1693
1693
1693
1693
1693
1693
1693
1693
1693
1693
1693
1563
1563
1563
1563
1563
1563
1563
1563
1563
1563
1563
1693
1824
1954
1954
1954
1954
1954
1954
1954
1954
1954
1954
1954
1954
1954
1954
1954
1954
1954
1954
1954
1954
1824
1824
1824
1824
1824
1954
1954
1954
1954
1954
1954
1954
1954
1954
1824
1824
1824
1954
1954
1954
1954
1954
1954
1954
1954
1824
1693
1693
1693
1693
1693
1693
1954
1954
2084
2084
2084
2214
2345
2345
2345
2345
2345
2345
2345
2345
2345
2345
2605
2605
2605
2605
2605
2735
2735
2735
2605
2605
2605
2605
2735
2345
2345
2345
2345
2345
2345
2345
2345
2345
2345
2345
2345
2605
2605
2866
2866
2996
3126
3126
3126
3126
3256
3256
3256
3256
3256
3256
3256
3126
3126
3126
3126
3126
3126
3126
3126
3126
3256
3256
3256
3256
3256
3256
3256
3126
3126
3126
3126
3256
3256
3256
3256
3256
3256
3256
3256
3256
3256
3256
3256
3126
3126
3126
3126
3126
3126
3126
3256
3256
3256
3256
3126
3126
3126
3126
3126
3126
3126
3256
3256
3256
3256
3256
3256
3256
3256
3126
3126
3126
3126
3126
3126
3256
3256
3256
3256
3256
3126
3126
2996
2996
2996
3126
3126
3126
3126
3126
3126
3126
3126
3126
2996
2996
2866
3256
3126
2996
3126
3256
3256
3256
3126
3126
2866
2214
1954
1954
1954
1954
1954
1954
1954
1954
1954
1824
1693
1563
1433
1303
1303
1303
1303
1303
1303
1303
1303
1303
1303
1303
1433
1433
1433
1433
1433
1433
1433
1433
1433
1433
1433
1433
1433
1433
1433
1433
1433
1433
1433
1433
1303
1433
1433
1433
1433
1433
1433
1433
1433
1433
1433
1433
1433
1433
1433
1433
1303
1303
1303
1303
1303
1303
1303
1303
1303
1303
1303
1303
1303
1303
1303
1303
1303
1303
1303
1303
1303
1433
1303
1433
1433
1433
1433
1433
1563
1563
1563
1563
1563
1433
1563
1433
1563
1563
1563
1563
1563
1563
1563
1563
1563
1563
1563
1563
1563
1563
1563
1433
1433
1563
1563
1433
1563
1563
1563
1563
1563
1563
1563
1693
1824
1824
1954
1954
2084
2084
2345
2475
2605
2866
2996
3126
3126
3126
3256
3256
3256
3256
3256
3387
3387
3517
3647
3777
3777
3777
3777
3908
3908
4038
4038
4038
4038
4038
4168
4168
4298
4298
4429
4429
4429
4429
4429
4429
4429
4429
4429
4429
4689
4689
4689
4429
4429
4429
4429
4689
4819
4819
4950
4950
4950
4950
4950
4950
4950
4819
4819
4819
4819
4429
4950
4819
4429
4819
4689
4429
4819
4689
4689
4819
4819
4819
4819
4689
4689
4689
4689
4429
4950
4689
4429
4298
4429
4819
4819
4819
4819
4819
4819
4819
4819
4819
4689
4429
4429
4298
4168
4038
4038
3908
3777
3777
3517
3256
3256
3256
3126
2996
2866
2084
2735
1954
1824
1824
1693
1563
1563
1563
1563
1563
1563
1563
1563
1563
1563
1563
1563
1563
1563
1563
1563
1563
1563
1563
1563
1563
1563
1563
1563
1563
1563
1563
1563
1563
1563
1563
1563
1563
1563
1563
1563
1563
1563
1563
1563
1563
1563
1563
1563
1563
1563
1563
1563
1563
1563
1563
1563
1563
1563
1563
1563
1563
1563
1563
1563
1563
1563
1563
1563
1563
1563
1563
1563
1563
1563
1563
1563
1563
1563
1563
1563
1563
1563
1563
1563
1563
1563
1563
1563
1563
1563
1563
1563
1563
1563
1563
1563
1563
1563
1563
1563
1563
1563
1563
1563
1563
1563
1563
1563
1563
1563
1563
1563
1563
1563
1563
1433
1563
1563
1563
1693
1563
1693
1563
1563
1563
1563
1563
1563
1563
1563
1563
1563
1563
1563
1563
1693
1693
1693
1693
1693
1693
1563
1563
1693
1693
1693
1824
1824
1824
1824
1824
1693
1693
1563
1563
1693
1693
1693
1693
1824
1824
1824
1693
1693
1693
1693
1693
1693
1693
1824
1693
1563
1563
1563
1303
1303
1303
1172
1172
1042
