1757
1757
1775
1008
645
500
548
740
1107
1425
1663
1870
2067
2122
2402
2647
2698
2582
2463
2370
2367
2241
2266
2507
2629
2621
2576
2522
2511
2463
2447
2524
2513
2594
2658
2705
2768
2746
2740
2708
2650
2666
2596
2693
2984
3059
3067
2975
2935
3029
3078
3205
3260
3421
3601
3796
3929
4050
4241
4457
4611
4693
4828
4860
4909
4841
4740
4537
4668
4727
4637
4792
4841
5064
5115
5159
5158
5316
5431
5418
5341
5301
5464
5642
6106
6238
6322
6433
6450
6550
6752
6947
7161
7308
7614
7899
8030
8288
8442
8423
8521
8619
8694
8948
8916
9101
9067
9147
9126
9105
9152
9108
9139
9149
9098
9263
9413
9292
9200
9209
9253
9257
9085
8943
8828
8764
8804
8984
8938
9061
9177
9041
8927
8772
8769
8766
9013
9047
8986
8972
9096
9268
9103
9078
9023
8939
8905
8833
9014
8842
8763
8644
8672
8547
8268
7869
7720
7440
7286
7194
7181
7176
7161
7193
7250
7298
7295
7252
7226
7150
7049
6964
6863
6902
6899
6827
6678
6521
6419
6339
6187
6019
5790
5566
5319
5295
5077
4956
4925
4919
4835
4782
4629
4635
4639
4636
4681
4671
4513
4418
4483
4448
4542
4523
4443
4456
4453
4375
4305
4270
4209
4195
4220
4224
4124
4118
4123
4124
4249
4254
4244
4337
4325
4370
4444
4639
4581
4505
4390
4364
4432
4435
4316
4302
4253
4117
4106
3956
3950
3888
3831
3727
3604
3522
3443
3334
3204
3081
2901
2750
2614
2532
2342
2205
2128
2125
2104
2085
1948
1860
1718
1624
1564
1464
1360
1335
1276
1226
1221
1230
1225
1219
1199
1169
1145
1180
1207
1155
1139
1128
1122
1089
1044
1035
1032
1034
1032
951
951
926
960
972
936
897
869
909
882
890
855
881
870
891
922
924
919
874
846
909
857
871
852
881
938
906
931
948
942
917
913
905
861
869
882
859
831
832
834
821
793
789
836
838
833
857
871
884
897
929
989
983
1040
1042
1049
1061
1052
1082
1081
1120
1090
1060
1078
1056
1076
1050
1103
1097
1166
1197
1185
1159
1152
1169
1129
1134
1151
1153
1168
1191
1213
1169
1163
1154
1160
1128
1124
1140
1137
1148
1166
1149
1183
1166
1175
1151
1158
1148
1115
1135
1172
1175
1168
1167
1221
1259
1331
1323
1328
1368
1407
1504
1531
1551
1551
1605
1662
1684
1766
1720
1724
1689
1656
1741
1838
1763
1738
1692
1723
1724
1793
1787
1785
1889
1824
1836
1889
1879
1832
1858
1834
1801
1780
1843
1828
1793
1827
1812
1876
1877
1860
1840
1867
1856
1851
1864
1857
1862
1850
1855
1895
1911
1900
1928
1990
2002
1956
1965
1945
1923
1991
1949
1964
2035
1998
1937
1875
1863
1805
1774
1801
1741
1732
1867
1966
2019
2062
2108
2078
2045
1974
1989
2013
1909
1876
1853
1905
1865
1881
1932
1982
1942
1978
2069
2076
1998
1997
2091
2123
2079
2149
2105
2132
2122
2061
2051
2031
1975
2021
1981
1959
1979
1934
1942
1891
1880
1910
1890
1901
1883
1905
1897
1940
1978
2034
2016
2059
1981
1946
1904
1919
1986
1976
1995
2096
2132
2126
2084
2051
2007
2047
2017
2050
2026
2065
2124
2174
2175
2167
2124
2117
1972
1873
1843
1787
1688
1689
1698
1717
1739
1775
1774
1828
1829
1826
1783
1857
1857
1845
1805
1847
1843
1951
2033
1996
1983
1907
1824
1806
1807
1839
1864
1834
1866
1902
1889
1901
1962
2022
2019
2015
2048
2068
2060
2076
2033
2005
1947
1895
1843
1777
1729
1762
1766
1743
1709
1683
1679
1728
1810
1881
1822
1813
1832
1843
1874
1823
1855
1973
1983
2008
2086
2155
2179
2298
2349
2369
2358
2361
2393
2322
2189
2068
1953
1962
2018
2078
2116
2169
2124
2138
2178
2174
2173
2158
2135
2089
2088
2168
2247
2281
2271
2216
2207
2215
2179
2102
2065
2061
2074
2127
2134
2323
2473
2577
2727
2724
2805
2755
2687
2686
2668
2786
2754
2714
2640
2564
2543
2571
2644
2628
2531
2531
2509
2372
2292
2357
2450
2392
2425
2381
2376
2462
2418
2493
2393
2448
2405
2541
2620
2665
2682
2742
2680
2581
2669
2764
2826
2861
2882
2910
2988
3000
2980
3098
3091
3090
3049
3096
3279
3366
3287
3218
3188
3247
3303
3266
3241
3169
3146
3020
3044
3191
3319
3284
3328
3360
3354
3376
3403
3372
3424
3389
3269
3202
3316
3287
3336
3307
3191
3311
3411
3453
3505
3560
3470
3416
3387
3475
3470
3442
3508
3608
3550
3535
3565
3526
3444
3341
3154
3044
2905
2843
2707
2719
2654
2595
2468
2323
2146
2026
1960
1857
1773
1672
1605
1550
1473
1442
1412
1403
1328
1276
1239
1221
1140
1153
1124
1107
1071
1035
1044
1043
1061
1037
1044
989
981
1005
1031
1044
1018
1003
997
1004
1017
1022
1001
1002
1018
989
965
999
955
951
945
946
943
971
965
954
929
960
980
922
929
921
921
904
913
859
899
890
857
834
883
841
858
861
891
853
839
866
856
818
847
830
883
881
901
877
900
925
931
987
974
1023
1020
1017
1021
991
918
883
859
874
882
893
895
938
978
998
984
1034
1060
1088
1084
1093
1134
1144
1165
1145
1089
1080
1124
1131
1190
1269
1385
1363
1457
1549
1656
1851
2088
2299
2391
2541
2596
2618
2671
2709
2723
2660
2690
2580
2527
2544
2609
2729
2808
2704
2717
2744
2679
2706
2722
2786
2888
3066
3154
3280
3366
3561
3580
3659
3725
3742
3590
3582
3578
3661
3792
3829
3825
3807
3843
3912
3947
3905
3899
3931
3934
4128
4082
4241
4347
4318
4261
4207
4187
4246
4220
4278
4320
4289
4402
4366
4387
4483
4539
4510
4433
4396
4478
4577
4614
4627
4608
4563
4536
4568
4591
4592
4571
4628
4665
4662
4676
4738
4745
4770
4790
4810
4785
4779
4597
4552
4506
4567
4530
4387
4274
4165
3969
3762
3627
3477
3297
3133
3016
2940
2808
2745
2681
2545
2361
2185
2061
1927
1838
1740
1662
1570
1473
1409
1330
1282
1223
1164
1144
1112
1091
1086
1046
1016
1024
1012
1018
993
1004
967
934
970
935
921
932
951
952
936
907
916
937
927
916
941
937
922
908
902
937
915
890
900
940
935
944
910
919
912
902
923
897
880
914
951
970
963
928
942
910
921
927
906
915
923
922
940
958
934
944
968
946
930
938
919
929
968
977
988
965
989
958
954
918
955
960
935
956
972
954
1026
999
1010
1032
1110
1099
1137
1165
1188
1244
1290
1326
1331
1344
1338
1322
1368
1370
1412
1426
1443
1450
1486
1480
1465
1472
1545
1587
1631
1625
1564
1470
1393
1355
1538
1660
1684
1623
1612
1605
1656
1679
1764
1792
1764
1764
1719
1724
1645
1675
1664
1632
1593
1686
1717
1779
1838
1840
1785
1852
1821
1774
1751
1788
1722
1806
1791
1830
1809
1779
1695
1727
1761
1785
1749
1727
1702
1657
1599
1564
1485
1352
1242
1153
1115
1038
978
906
819
778
