1.075
1.089
2.279
2.378
2.435
3.851
3.788
3.695
3.204
2.709
3.131
3.054
2.818
2.868
3.398
3.498
2.801
3.007
3.998
4.017
3.949
3.964
4.030
3.438
4.071
3.585
3.881
4.183
3.831
4.148
4.504
4.032
3.940
4.399
3.847
3.503
3.384
4.289
4.185
4.101
4.071
3.936
4.085
3.865
3.589
3.106
2.693
3.149
3.916
3.058
4.197
2.707
3.265
3.158
2.941
2.288
2.323
2.829
3.124
2.224
2.445
2.311
2.722
2.469
2.490
2.284
2.225
2.686
3.759
2.540
3.326
5.324
2.637
2.145
2.329
2.229
3.072
2.232
2.303
2.403
2.584
2.139
2.396
2.313
2.271
2.100
2.293
2.230
2.194
2.240
2.162
2.381
2.144
2.071
2.089
2.144
2.315
2.068
2.114
2.220
1.963
2.286
2.068
2.219
2.284
2.276
2.317
2.055
2.257
2.036
2.471
2.294
2.196
2.126
2.122
2.352
2.566
2.395
2.187
2.202
2.683
2.156
3.230
2.328
2.675
3.126
2.696
2.313
2.144
2.262
2.411
2.163
2.392
2.868
2.297
2.291
2.479
2.321
2.108
2.412
2.421
2.294
2.312
2.424
2.176
2.304
2.230
2.240
2.321
2.231
2.367
2.147
2.510
2.618
2.554
2.420
2.370
2.201
2.156
2.544
2.375
2.492
5.264
2.438
2.805
2.349
2.412
2.508
2.481
2.560
2.410
2.292
2.388
2.439
2.520
2.473
3.629
2.406
2.379
3.963
4.856
2.859
3.228
2.737
3.831
3.374
4.182
3.851
3.254
3.490
3.630
3.274
3.472
3.771
3.920
4.203
3.891
3.887
4.257
4.355
3.967
4.625
4.255
3.544
3.546
3.710
4.186
3.980
4.063
4.486
3.787
3.757
3.352
4.289
4.220
3.815
3.889
3.917
3.405
3.645
3.633
3.484
3.561
3.906
4.695
3.371
3.623
4.194
4.416
4.585
4.164
4.007
4.612
4.761
4.651
4.160
4.193
4.257
4.243
4.801
4.464
4.538
4.647
4.496
4.183
4.149
3.953
4.169
4.018
4.238
4.164
4.352
4.440
4.584
4.604
4.280
4.314
3.723
3.891
3.798
4.084
4.147
3.909
4.103
4.330
4.193
4.463
4.598
4.868
4.316
4.238
4.074
4.059
3.966
4.189
4.144
4.066
3.734
4.026
4.067
3.767
3.955
4.287
4.125
4.158
4.087
4.564
4.611
5.132
4.528
4.457
4.448
4.625
4.985
4.769
4.712
4.644
4.599
4.800
4.683
4.741
4.629
4.460
4.527
4.776
4.711
5.000
4.742
4.835
4.693
4.882
5.025
5.227
4.912
4.600
4.916
4.782
4.635
4.827
4.735
4.966
5.021
5.024
4.977
4.968
4.903
4.919
4.955
5.162
5.110
5.112
5.057
4.981
4.921
4.858
4.778
5.056
4.695
4.774
4.884
4.425
4.394
4.684
4.544
4.765
4.767
4.564
4.258
4.375
4.387
4.385
4.239
4.355
4.380
4.325
4.259
4.510
3.769
4.014
4.082
4.084
4.096
4.110
4.232
4.322
3.935
4.271
4.466
4.340
4.389
4.257
4.156
4.436
4.239
4.303
4.203
4.355
4.304
4.314
4.588
4.395
4.495
4.381
4.297
4.269
4.157
4.280
4.446
4.339
4.449
4.260
4.181
4.051
4.097
4.073
4.116
3.802
3.972
3.755
3.468
3.424
2.908
3.199
3.083
2.931
3.017
2.682
2.997
2.851
2.990
3.166
3.161
2.592
2.955
3.204
3.066
2.821
2.886
2.580
2.913
3.122
2.436
3.056
3.075
2.763
2.867
3.033
2.890
2.837
2.873
3.466
2.901
2.929
2.970
3.138
3.344
3.136
2.788
3.067
3.153
3.167
2.889
3.017
3.112
3.556
3.130
3.159
3.377
3.244
2.870
2.961
3.661
3.080
3.009
3.003
2.685
2.891
3.339
3.209
3.065
3.412
2.753
3.117
2.844
3.065
3.340
3.338
3.269
3.118
3.309
3.508
3.382
2.761
3.143
3.200
2.616
2.760
2.894
2.807
3.048
2.607
3.045
2.768
2.872
2.746
3.099
3.231
3.175
2.909
2.714
3.099
3.014
3.281
3.071
2.955
3.087
2.950
2.747
2.744
2.868
2.425
2.458
2.642
2.636
2.650
3.466
2.809
2.928
3.401
2.996
3.290
3.128
3.300
3.365
3.384
3.266
3.186
3.257
3.084
2.960
3.353
3.042
2.836
3.071
3.183
3.745
3.098
3.349
3.380
2.712
2.785
2.825
2.774
2.897
2.740
2.737
2.796
3.181
3.084
3.206
3.227
3.238
3.183
3.265
3.299
3.039
3.030
3.030
3.255
3.349
3.671
3.851
3.634
3.729
3.695
4.505
3.650
3.917
3.820
3.942
3.523
3.470
3.117
3.774
3.306
3.284
3.567
3.813
3.509
3.703
3.461
3.249
3.500
3.205
3.460
3.783
3.657
3.724
3.481
3.475
3.693
4.009
3.615
3.522
3.247
3.218
3.121
3.064
3.191
3.236
3.753
3.064
3.139
3.222
3.027
3.642
3.875
3.618
3.668
4.013
3.615
3.539
4.470
3.984
4.107
4.243
3.884
4.192
3.676
3.732
3.958
3.399
3.863
3.586
3.280
3.459
3.127
2.899
2.901
3.079
2.930
3.337
3.000
2.953
2.929
2.873
2.860
2.843
2.930
3.271
3.230
3.948
4.143
3.986
3.494
4.031
3.785
3.982
3.748
3.625
3.416
3.760
3.738
3.708
3.437
4.082
3.700
3.444
3.284
3.410
3.312
3.419
3.643
3.321
3.860
3.737
3.459
3.471
3.483
3.520
3.335
2.736
2.809
2.585
2.841
2.778
3.546
3.864
4.044
3.780
3.778
3.265
3.196
3.838
3.779
3.660
3.582
3.261
3.101
3.605
4.099
3.832
4.032
4.445
4.070
3.754
4.398
4.215
4.537
4.037
4.124
3.818
3.799
4.553
4.503
4.294
4.007
4.129
4.171
4.431
4.754
5.018
4.433
4.633
4.522
4.110
4.496
4.089
4.228
4.202
4.388
4.784
3.653
4.340
4.169
4.293
4.543
4.119
3.728
4.132
4.047
4.521
3.879
3.925
3.733
4.887
4.125
4.585
4.388
4.199
4.741
4.041
4.447
3.825
3.661
3.999
4.114
3.646
3.774
4.298
3.946
3.845
4.403
3.815
4.345
3.748
3.839
3.828
3.518
3.446
3.592
3.852
3.639
3.756
3.931
3.648
3.937
4.623
4.280
3.989
4.050
4.402
4.317
3.904
4.123
3.919
4.060
4.102
4.140
4.008
3.960
4.208
4.310
4.304
3.726
3.555
4.109
4.423
4.370
4.452
4.561
4.780
4.534
4.641
4.850
4.668
4.915
4.578
4.469
4.856
4.551
4.645
4.303
4.884
4.599
4.429
4.663
4.695
4.655
4.428
4.440
4.492
4.490
4.502
4.499
4.657
4.584
4.389
4.511
4.578
4.763
4.480
4.597
4.571
4.473
4.606
4.648
4.633
4.567
4.674
4.477
4.800
4.988
4.710
4.807
4.811
4.691
4.525
4.694
4.850
4.782
4.582
4.902
4.817
4.725
4.928
4.885
4.990
4.821
4.879
4.877
4.964
5.116
4.868
5.214
4.916
4.860
5.101
4.797
5.012
4.931
5.038
5.033
4.941
4.891
4.920
4.798
4.832
4.786
5.101
5.129
4.867
4.798
4.942
4.535
4.580
4.616
4.654
4.719
4.874
5.041
4.961
5.123
5.018
5.007
5.082
4.862
4.531
4.649
4.838
4.663
4.569
4.462
4.825
4.540
4.387
4.485
4.558
4.568
4.498
4.488
4.698
4.514
4.208
4.241
3.815
4.236
4.260
4.035
3.732
3.429
2.948
2.999
2.892
2.723
2.514
3.080
3.155
3.141
3.114
3.450
3.342
4.215
4.287
4.431
4.391
4.733
3.716
4.233
4.308
4.364
4.556
4.660
4.743
4.486
4.325
4.130
4.378
4.030
3.960
4.080
3.391
3.554
3.832
4.145
5.085
4.831
4.296
4.512
3.536
4.588
4.543
5.211
4.739
4.564
4.038
4.866
4.243
4.821
4.936
4.621
4.390
4.183
4.152
4.502
4.544
4.751
4.698
4.522
4.971
4.553
4.744
5.439
4.988
4.870
4.405
4.796
4.576
4.597
4.552
5.206
5.284
4.731
5.072
4.559
4.605
4.624
4.739
4.582
4.711
5.239
4.091
4.598
4.671
4.496
4.440
4.725
4.527
4.020
4.127
4.348
4.358
3.925
5.151
4.479
4.546
4.431
4.327
4.393
4.380
4.677
3.974
4.282
4.306
4.357
4.314
4.857
4.152
4.757
4.496
4.754
4.305
4.430
4.318
4.422
4.470
4.703
4.978
4.812
4.534
4.792
4.903
4.654
4.836
4.653
4.860
4.811
4.797
4.667
4.810
4.768
4.976
4.688
4.974
4.828
4.958
5.113
4.772
4.926
5.055
4.935
4.966
4.994
5.044
5.046
5.018
5.004
5.286
4.975
5.161
4.950
4.889
5.108
4.991
5.085
5.088
4.992
5.016
5.157
5.129
5.474
5.059
5.265
4.975
5.072
4.948
4.921
5.149
4.924
5.028
5.100
5.037
5.248
5.143
4.966
4.906
5.147
4.966
4.951
4.997
5.004
5.192
5.214
4.989
5.079
5.061
5.042
5.177
5.159
4.926
5.049
5.246
5.397
5.140
4.854
5.055
5.015
4.966
4.979
5.245
4.877
5.063
4.815
4.826
4.891
5.048
5.066
5.036
4.770
4.859
4.588
5.060
4.609
4.760
4.248
4.462
4.396
4.201
4.294
4.096
3.970
3.567
3.991
4.322
3.765
3.852
3.556
3.710
3.729
3.355
3.226
3.217
3.049
3.438
3.086
3.263
2.851
3.100
3.078
3.360
3.622
3.804
3.053
2.964
2.870
2.601
2.772
2.621
2.969
2.868
2.573
2.630
2.658
2.972
3.138
2.732
2.962
3.132
2.914
2.929
3.823
2.976
3.108
3.043
2.977
3.125
3.107
3.100
2.634
2.584
2.523
3.053
3.048
3.078
2.715
2.664
2.642
2.721
2.967
2.675
3.101
2.933
2.726
2.606
2.523
2.974
3.332
2.726
2.725
3.601
3.622
3.511
3.744
3.922
3.895
3.847
5.222
4.249
