2.812
2.505
2.748
2.763
2.932
3.037
2.949
3.280
3.149
5.939
6.319
6.396
6.430
6.442
6.457
6.427
6.298
6.231
6.160
6.276
6.524
6.612
6.538
6.524
6.584
6.636
6.693
6.715
6.738
6.923
7.116
7.114
7.200
7.213
7.236
7.263
7.297
7.291
7.292
7.266
7.238
7.254
7.308
7.360
6.942
7.152
7.345
6.949
7.062
7.023
6.995
7.018
6.944
6.952
6.903
6.848
6.925
6.929
6.845
6.591
6.697
6.730
6.675
6.628
6.630
6.609
6.623
6.576
6.555
6.559
6.680
6.802
6.752
6.828
6.890
6.864
6.899
6.945
6.954
6.958
7.008
7.005
7.047
7.059
7.096
7.113
7.116
7.132
7.148
7.092
7.165
7.161
7.199
7.170
7.213
7.185
7.249
7.200
7.175
7.283
7.254
7.247
7.240
7.492
7.482
7.484
7.426
7.406
7.201
7.501
7.430
7.383
7.189
7.481
7.434
7.389
7.271
7.204
7.305
7.236
7.086
7.246
7.169
7.330
7.269
7.193
7.326
7.266
7.194
7.130
7.213
7.141
7.206
7.147
7.222
7.187
7.161
7.231
7.192
7.137
7.178
7.114
7.048
7.123
7.054
7.129
7.066
7.151
7.038
7.147
7.027
7.134
7.092
7.076
7.062
7.041
7.054
7.022
7.042
7.041
7.097
7.109
7.101
7.139
7.079
7.043
6.984
7.003
7.035
7.033
7.028
7.034
7.042
7.049
7.045
7.011
6.995
6.993
6.925
6.927
6.921
6.960
6.962
7.131
7.238
7.249
7.177
7.382
7.170
7.349
7.141
7.245
7.333
7.205
7.346
7.201
7.343
7.210
7.357
7.228
7.354
7.239
7.350
7.240
7.357
7.246
7.378
7.221
7.372
7.241
6.888
7.316
6.954
7.310
7.134
7.341
7.303
7.046
7.351
7.291
7.101
7.325
7.249
7.444
7.273
7.011
7.057
7.028
7.024
7.026
7.019
7.014
7.009
7.045
7.034
6.984
6.926
6.897
6.838
6.784
6.743
6.693
6.659
6.667
6.637
6.603
6.612
6.607
6.625
6.692
6.649
6.615
7.125
7.396
6.854
7.217
7.175
7.080
6.970
6.944
6.902
6.842
6.860
6.868
6.860
6.825
6.786
6.780
6.741
6.692
6.509
6.486
6.443
6.393
6.348
6.329
6.273
6.223
6.149
6.159
6.152
6.014
6.145
6.096
6.142
6.125
6.218
6.111
6.255
6.234
6.270
6.185
6.258
6.290
6.238
6.293
6.275
6.279
6.275
6.191
6.229
6.224
6.235
6.274
6.233
6.321
6.292
6.287
6.220
6.172
6.271
6.207
6.298
6.294
6.306
6.331
6.240
6.326
6.302
6.261
6.303
6.228
6.246
6.251
6.161
6.119
6.149
6.201
6.159
6.184
6.100
6.234
6.253
6.196
6.282
6.264
6.360
6.330
6.352
6.353
6.306
6.308
6.292
6.397
6.357
6.312
6.319
6.316
6.362
6.307
6.329
6.257
6.311
6.293
6.324
6.320
6.361
6.281
6.270
6.221
6.276
6.211
6.218
6.224
6.216
6.270
6.295
6.253
6.316
6.271
6.303
6.311
6.317
6.293
6.252
6.289
6.288
6.242
6.281
6.293
6.313
6.278
6.316
6.266
6.256
6.288
6.329
6.332
6.295
6.293
6.297
6.281
6.298
6.230
6.284
6.296
6.337
6.380
6.386
6.339
6.352
6.316
6.352
6.352
6.432
6.408
6.351
6.333
6.290
6.375
6.505
6.458
6.435
6.422
6.399
6.491
6.508
6.511
6.546
6.544
6.508
6.531
6.506
6.514
6.553
6.555
6.555
6.529
6.576
6.497
6.520
6.556
6.484
6.560
6.552
6.580
6.578
6.541
6.565
6.573
6.593
6.592
6.606
6.638
6.615
6.670
6.688
6.595
6.568
6.585
6.626
6.610
6.515
6.578
6.563
6.526
6.571
6.582
6.575
6.648
6.570
6.521
6.605
6.586
6.564
6.552
6.557
6.563
6.562
6.593
6.626
6.627
6.773
6.877
6.962
6.982
6.949
6.920
6.903
6.902
6.889
6.866
6.872
6.857
6.847
6.879
6.864
6.814
6.805
6.840
6.844
6.764
6.684
6.707
6.653
6.628
6.642
6.653
6.651
6.643
6.619
6.624
6.630
6.611
6.638
6.638
6.637
6.613
6.599
6.593
6.602
6.618
6.629
6.643
6.619
6.595
6.615
6.600
6.614
6.579
6.632
6.629
6.694
6.674
6.616
6.637
6.647
6.730
6.761
6.713
6.659
6.692
6.697
6.730
6.710
6.803
6.897
6.932
6.944
6.946
6.988
7.050
7.095
7.111
7.113
7.081
7.068
7.041
6.989
6.957
6.926
6.872
6.845
6.902
6.916
6.912
6.953
6.959
6.953
6.963
6.935
6.902
6.926
6.970
6.830
6.673
6.601
6.632
6.674
6.681
6.647
6.692
6.659
6.632
6.619
6.621
6.624
6.617
6.601
6.690
6.614
6.631
6.757
6.721
6.695
6.798
6.907
6.912
6.919
6.908
6.890
6.710
6.676
6.727
6.658
6.633
6.642
6.600
6.611
6.574
6.601
6.610
6.569
6.546
6.506
6.638
6.667
6.499
6.482
6.623
6.777
6.903
6.902
6.912
6.938
6.924
6.882
6.897
6.862
6.879
6.899
6.883
6.886
6.711
6.674
6.657
6.612
6.597
6.576
6.529
6.561
6.559
6.577
6.619
6.611
6.588
6.564
6.582
6.573
6.561
6.543
6.556
6.518
6.580
6.682
6.626
6.852
6.957
6.970
6.949
6.893
6.849
6.745
6.786
6.638
6.577
6.669
6.644
6.621
6.593
6.696
6.646
6.614
6.645
6.603
6.596
6.587
6.580
6.603
6.594
6.550
6.569
6.556
6.543
6.535
6.516
6.491
6.441
6.457
6.470
6.492
6.439
6.512
6.521
6.526
6.498
6.500
6.518
6.507
6.499
6.522
6.500
6.553
6.614
6.689
6.722
6.725
6.683
6.961
7.068
7.070
7.096
7.099
7.127
7.147
7.163
7.173
7.223
7.241
7.252
7.268
7.282
7.284
7.274
7.235
7.224
7.221
7.184
7.164
7.152
7.149
7.176
7.160
7.157
7.159
7.131
7.109
7.037
7.080
7.108
7.120
7.128
7.125
7.139
7.166
7.177
7.161
7.181
7.119
7.049
7.100
7.081
7.041
7.032
7.060
7.069
7.108
7.119
7.143
7.130
7.134
7.179
7.184
7.215
7.224
7.241
7.251
7.248
7.251
7.255
7.437
7.111
7.192
7.193
7.125
7.054
7.033
7.006
6.989
6.976
7.036
7.171
7.230
7.177
7.096
7.061
7.002
6.919
6.890
6.884
6.878
6.874
6.891
6.963
7.029
7.022
6.952
6.895
6.824
6.764
6.710
6.633
6.608
6.586
6.579
6.574
6.524
6.454
6.481
6.400
6.283
6.296
6.218
6.231
6.295
6.248
6.301
6.211
6.220
6.231
6.272
6.165
6.279
6.243
6.244
6.345
6.316
6.300
6.320
6.309
6.328
6.337
6.307
6.319
6.325
6.298
6.312
6.322
6.301
6.280
6.241
6.310
6.316
6.317
6.328
6.353
6.254
6.295
6.328
6.265
6.300
6.308
6.296
6.333
6.291
6.321
6.307
6.269
6.319
6.327
6.315
6.316
6.246
6.280
6.286
6.309
6.274
6.286
6.298
6.269
6.276
6.275
6.219
6.196
6.256
6.307
6.277
6.244
6.210
6.207
6.219
6.251
6.298
6.232
6.264
6.349
6.337
6.273
6.261
6.308
6.304
6.347
6.257
6.310
6.310
6.350
6.313
6.299
6.292
6.383
6.344
6.336
6.361
6.361
6.436
6.394
6.416
6.409
6.523
6.512
6.621
6.713
6.738
6.855
6.798
6.668
6.606
6.606
6.621
6.634
6.632
6.594
6.674
6.650
6.597
6.617
6.573
6.545
6.585
6.525
6.509
6.520
6.582
6.541
6.630
6.636
6.599
6.581
6.612
6.653
6.687
6.670
6.688
6.684
6.692
6.665
6.632
6.589
6.631
6.653
6.702
6.755
6.816
6.828
6.778
6.750
6.832
6.893
6.936
7.009
7.044
7.050
7.019
7.016
6.980
6.980
6.979
6.973
6.993
6.994
7.024
7.087
7.124
7.125
7.203
7.360
7.032
7.281
7.361
7.047
7.187
7.346
7.092
7.210
7.174
7.112
7.121
7.108
7.078
7.100
7.134
7.116
7.129
7.346
7.038
7.153
7.349
7.416
7.354
7.060
7.082
7.040
7.022
7.001
7.000
7.000
6.947
6.897
6.882
6.857
6.840
6.832
6.786
6.734
6.710
6.712
6.739
6.737
6.737
6.761
6.751
6.737
6.721
6.670
7.101
7.270
6.988
7.113
7.069
6.998
6.997
6.994
6.976
6.940
6.886
6.833
6.593
6.414
6.394
6.393
6.423
6.462
6.402
6.353
6.351
6.313
6.344
6.321
6.352
6.333
6.329
6.361
6.328
6.342
6.364
6.346
6.355
6.336
6.331
6.318
6.307
6.354
6.342
6.341
6.340
6.285
6.345
6.328
6.300
6.342
6.339
6.358
6.365
6.313
6.348
6.318
6.313
6.306
6.285
6.320
6.291
6.326
6.332
6.341
6.366
6.321
6.344
6.337
6.341
6.298
6.303
6.349
6.309
6.360
6.340
6.351
6.371
6.345
6.346
6.393
6.350
6.347
6.386
6.364
6.389
6.354
6.362
6.363
6.337
6.305
6.297
6.334
6.355
6.371
6.377
6.357
6.345
6.327
6.297
6.385
6.352
6.337
6.350
6.283
6.319
6.392
6.396
6.381
6.392
6.360
6.352
6.392
6.344
6.320
6.370
6.305
6.388
6.366
6.386
6.376
6.451
6.440
6.449
6.402
6.434
6.384
6.422
6.456
6.398
6.453
6.401
6.434
6.441
6.442
6.471
6.441
6.493
6.446
6.626
6.571
6.683
6.544
6.517
6.491
6.467
6.447
6.385
6.403
6.412
6.558
6.499
6.470
6.478
6.394
6.427
6.396
6.408
6.358
6.363
6.412
6.418
6.497
6.410
6.445
6.439
6.473
6.331
6.405
6.402
6.353
6.293
6.226
6.195
6.252
6.263
6.148
5.996
5.996
5.967
3.096
3.262
3.347
5.728
3.208
5.728
5.966
5.878
