834
834
973
1111
1250
1528
1806
2084
2084
2084
2501
2223
2779
3334
3195
3473
3890
3473
4029
3612
4168
4446
4307
4585
4446
4168
4446
4029
4307
3612
4168
3473
4029
3334
3612
4168
3473
2779
3334
2501
3195
2362
3057
3473
2501
3195
2223
3057
3473
2501
3195
2223
3057
2223
2918
2223
2918
2223
2779
2084
2501
2084
2501
2084
2501
1945
2223
1806
1667
2084
1667
2084
1667
2084
1667
2084
1667
2223
2779
2223
2779
3334
2640
3334
2779
3334
3057
3473
3751
3334
3612
4168
3612
4168
3890
4307
4029
3612
4168
4168
4168
4168
4029
4029
3890
3612
3612
3612
3473
3473
3473
3473
3473
3473
3334
3195
3473
3057
3473
3890
3195
3473
4029
4307
3334
3473
4168
4307
4724
3473
4029
4307
4585
4724
5280
4307
4585
4724
5280
4307
4585
5002
5280
4307
4724
5002
5280
4307
4724
5141
4307
4724
5141
4307
4585
4724
4029
4307
4585
4029
4307
3612
4168
3612
4168
4029
3612
4168
4029
4029
4029
4029
4029
4029
4029
4029
4168
4168
4168
4307
4307
4307
4307
4307
4307
4307
4307
4585
4307
4307
4307
4307
4585
4307
4585
4307
4585
4724
4307
4724
4307
4585
4724
4168
4446
4724
4168
4307
4724
4168
4446
4724
4168
4446
4724
4307
4585
4168
4446
3751
4307
3612
4168
4446
4029
4307
3612
4168
4446
3890
4307
4585
4724
5280
4724
5141
5141
5418
5418
5557
5557
5974
5974
6252
6113
6252
6252
6252
6252
6391
6391
6391
6391
6391
6391
6252
6113
5974
5974
5557
5557
5557
5418
5280
5557
5141
5418
4724
5280
4724
5141
4724
4585
4585
4585
4585
4585
4585
4585
4585
4585
4585
4446
4446
4307
4307
4307
4307
4307
4307
4168
4168
4168
4029
4029
3890
3612
3473
