1777
1777
1795
1645
1647
1942
2227
2341
2573
2908
3073
3354
3627
3792
4111
4349
4417
4608
4712
4792
4886
4843
4875
4998
5052
5161
5127
5032
4799
4568
4469
4290
4260
4208
4086
3956
3882
3718
3701
3624
3695
3573
3552
3632
3595
3552
3553
3523
3559
3539
3532
3495
3467
3443
3441
3389
3353
3325
3315
3306
3241
3183
3073
2946
3441
3215
3017
2789
2675
2521
2283
2211
2132
2185
2291
2509
2934
3229
3440
3542
3755
3898
3984
3929
4078
4192
4320
4414
4545
4712
4761
4761
4805
4895
4948
4951
4878
4898
4897
4879
4777
4765
4598
4492
4324
4117
3941
3906
3872
3988
4197
4282
4501
4520
4594
4670
4691
4656
4613
4800
4904
4950
4938
4952
4901
5023
5172
5361
5451
5470
5557
5475
5531
5596
5631
5655
5584
5499
5521
5506
5640
5648
5639
5735
5736
5687
5700
5698
5667
5703
5621
5604
5683
5720
5732
5613
5509
5445
5337
5247
5143
5091
5022
4942
4955
4856
4857
4851
4747
4662
4559
4430
4309
4259
4190
4166
4148
4147
4209
4272
4364
4539
4661
4787
4853
4998
5063
5045
4999
4938
4963
4894
4898
4886
4864
4849
4817
4877
4813
4784
4796
4847
4719
4772
4733
4623
4598
4568
4516
4467
4495
4468
4432
4367
4277
4177
4049
3992
3982
3901
3858
3793
3778
3777
3694
3708
3734
3764
3838
4026
4224
4411
4615
4774
4841
4917
4968
5058
5162
5187
5252
5390
5549
5707
5845
5906
5993
6020
6101
6096
6143
6172
6262
6230
6104
5989
5909
5767
5612
5460
5284
5188
5110
5058
5020
4932
4839
4793
4740
4732
4640
4609
4560
4430
4403
4321
4277
4212
4131
4064
4026
3937
3838
3861
3819
3684
3606
3529
3378
3354
3334
3292
3255
3260
3257
3247
3289
3278
