3.337
3.505
3.177
6.336
6.423
6.520
6.991
7.330
7.499
7.291
7.573
7.447
7.248
7.445
7.375
7.227
7.434
7.222
7.410
7.087
6.890
7.198
6.880
7.167
7.303
7.113
7.317
7.030
7.335
7.021
7.274
7.057
7.286
7.144
6.756
7.063
7.317
7.043
7.292
7.044
7.340
7.155
6.954
7.272
7.061
7.305
7.101
6.833
7.242
6.967
7.313
7.046
7.391
7.138
7.426
7.096
7.412
7.191
7.468
7.177
7.428
7.007
7.422
7.176
7.427
7.251
7.415
7.500
7.317
7.460
7.290
7.453
7.277
7.442
7.297
7.484
7.293
7.075
7.435
7.260
6.983
7.347
7.013
7.390
7.192
7.365
7.113
7.084
7.301
7.105
6.887
7.238
6.854
7.192
6.804
7.117
7.332
6.804
6.810
6.779
6.821
6.774
6.733
6.744
6.740
6.750
6.736
6.772
6.798
6.812
6.821
6.877
6.995
7.205
7.277
7.143
7.354
7.232
7.108
7.363
7.310
7.138
7.091
7.428
7.389
7.170
7.122
6.983
7.409
7.279
7.201
7.158
7.111
6.860
7.247
7.179
7.151
6.889
7.304
7.263
7.058
6.917
7.313
7.243
7.087
6.894
7.365
7.294
6.987
7.419
7.316
7.010
7.406
7.282
7.181
7.411
7.282
7.068
7.290
7.122
7.427
7.034
7.375
6.882
7.022
7.314
6.838
6.906
6.912
6.889
6.872
6.857
6.921
6.927
6.961
6.932
6.973
6.924
6.939
6.982
7.002
7.003
7.044
7.080
7.149
7.226
7.097
7.254
7.219
7.227
7.289
7.080
7.332
7.164
7.339
7.192
7.012
7.330
7.196
7.374
7.229
7.188
7.364
7.228
7.083
7.339
7.294
7.036
7.325
7.162
6.898
7.264
7.084
6.759
7.161
6.828
7.201
6.944
7.354
7.096
7.370
7.185
6.856
7.236
7.120
7.340
7.190
7.079
7.340
7.278
7.207
7.191
6.906
7.312
6.969
7.090
6.972
7.007
6.991
7.024
6.980
7.014
6.953
7.006
6.980
6.977
6.993
6.985
6.966
6.980
6.961
6.969
6.933
6.928
6.916
6.915
6.917
6.914
6.904
6.881
6.879
6.897
7.255
6.778
7.180
6.786
7.477
6.774
7.316
6.787
7.217
7.140
6.950
6.882
6.866
6.820
6.819
6.812
6.776
6.806
6.780
6.748
6.763
6.756
6.756
6.717
6.702
6.695
6.683
6.723
6.726
6.709
6.723
6.721
6.752
6.864
6.949
