1.342
1.425
2.360
2.432
2.380
2.526
2.561
2.389
2.378
2.266
2.784
2.787
2.628
2.386
2.997
2.354
2.747
2.763
2.916
2.368
2.268
2.843
3.165
2.917
3.128
2.858
2.606
2.531
2.829
3.548
2.519
2.998
2.789
2.904
3.189
3.131
2.995
3.377
3.303
3.345
3.167
3.476
3.307
3.215
3.088
3.297
3.020
3.270
3.003
2.961
3.030
3.098
3.183
3.090
2.909
3.094
2.702
2.746
2.748
2.246
2.346
2.358
2.276
2.996
2.303
2.348
2.525
2.460
2.374
2.297
3.247
2.749
3.565
3.306
2.910
2.636
2.204
2.305
2.076
2.291
2.141
2.222
2.204
2.161
2.331
2.187
2.155
2.257
2.390
2.287
2.196
2.615
2.311
2.190
2.667
2.313
2.379
2.376
2.553
2.351
2.484
2.401
2.523
2.399
2.246
2.872
2.474
2.865
2.472
2.511
2.324
2.384
2.513
2.202
2.187
2.182
2.175
2.184
2.131
2.150
2.117
2.147
2.118
2.167
2.082
2.092
2.123
2.120
2.116
2.073
2.111
2.123
2.123
2.170
2.095
2.093
2.046
2.161
2.134
2.164
2.106
2.091
2.126
2.168
2.143
2.215
2.183
2.183
2.245
2.274
2.170
2.120
2.141
2.170
2.085
2.177
2.539
2.092
2.065
2.121
2.152
2.204
2.243
2.212
2.332
2.235
2.205
2.488
2.264
2.371
2.323
2.559
2.567
2.560
2.894
2.915
2.524
3.156
3.061
3.579
2.800
2.738
2.683
2.304
2.443
2.409
2.295
2.424
2.646
2.347
2.494
2.547
2.287
3.009
2.851
2.577
3.349
2.795
3.242
3.454
3.100
3.042
3.316
2.925
3.249
3.352
3.300
3.132
3.501
3.462
3.454
3.406
3.260
3.655
3.555
3.773
3.725
4.031
3.949
4.230
4.270
4.270
4.556
4.435
4.432
4.487
4.405
4.533
4.515
4.247
4.138
3.936
3.784
3.771
3.554
3.813
3.894
4.034
3.959
4.060
3.987
4.048
4.017
4.389
3.657
3.540
3.638
3.729
3.531
3.932
3.806
3.585
3.502
3.605
3.389
3.497
3.814
3.393
3.773
3.464
3.649
3.590
3.599
3.691
3.356
3.603
3.666
3.481
3.621
3.296
3.440
3.563
3.271
3.459
3.877
3.985
3.831
4.159
4.033
3.898
4.099
4.061
4.226
3.759
3.810
4.343
4.594
4.354
4.863
4.669
4.154
4.183
4.699
3.969
4.098
4.056
3.564
3.476
