1667
1667
1684
5957
12676
17034
17654
16791
16377
16071
15982
15945
15911
15815
15912
16078
16053
15922
16017
16067
15912
15980
15991
16009
16028
16053
16078
16022
16010
15955
15929
15932
15978
15904
15987
15983
15981
15945
15988
15911
15899
15927
15926
15988
15971
16053
15921
15895
15932
15969
16022
16200
16150
16095
15991
16016
15974
15948
16011
15994
16022
16105
16077
16002
15982
16009
15988
15921
15887
15923
15974
15942
15974
15995
16002
16020
16023
16108
16005
16036
16062
15947
16027
16233
16057
16093
16004
15982
15936
15962
15869
15901
15944
16022
16025
15964
15962
16022
16066
16105
16179
16172
16156
16130
16091
16025
16065
16078
16091
16092
15983
16021
16109
16184
16188
16208
16258
16355
16306
16288
16313
16263
16287
16237
16231
16161
16164
16191
16241
16324
16343
16282
16305
16248
16166
16131
16208
16234
16203
16301
16346
16331
16197
16231
16314
16311
16312
16262
16186
16136
16134
16124
16179
16240
16271
16295
16406
16409
16386
16465
16353
16300
16332
16375
16287
16308
16375
16374
16356
16363
16364
16323
16326
16742
16480
16371
16460
16350
16313
16387
16356
16381
16382
16337
16320
16368
16389
16299
16356
16291
16250
16261
16333
16167
16093
16168
16146
16183
16328
16269
16220
16232
16220
16194
16128
16101
16079
16070
16036
16029
16038
16021
16019
16138
16104
16048
16021
16083
16105
16106
16083
16079
16082
16107
16138
16253
16170
16189
16098
16156
16040
16105
16104
16052
16083
16258
16217
16181
16064
16105
16028
16206
16139
16102
16109
16314
16174
16092
16084
15976
15981
16184
16109
16065
16177
16136
16037
16078
16092
16097
16043
16108
16552
16317
16166
16244
16118
16130
16255
16217
16102
16058
16087
16102
16085
16197
16120
16121
