772
772
1447
2412
3280
4052
4535
5210
5692
6078
6368
6850
7236
7622
7912
8008
8201
8683
8973
9069
9262
9455
9455
9648
9648
9841
6175
6657
7043
7526
7912
7912
8201
8683
8973
9069
9262
9455
9455
9648
9648
9841
6368
6850
7236
7622
7912
8105
8394
8780
8973
9166
9455
9455
9648
9745
9841
10034
10131
10324
6947
7526
7912
8008
8201
8780
8973
9069
9262
9455
9648
9648
9841
9938
10034
10324
7429
7622
7912
8201
8683
8973
9069
9262
9455
9648
9745
9841
10034
10131
10324
10517
10613
7622
7912
8201
8780
8973
9166
9455
9455
9648
9745
9938
10034
10324
10324
10517
10613
10710
8008
8683
8876
9069
9262
9455
9648
9745
9938
10034
10324
10517
10613
10613
10806
10999
10999
8780
9069
9262
9455
9648
9745
10034
10131
10324
10517
10613
10613
10903
10999
11192
11192
8973
9262
9455
9648
9745
9938
10131
10324
10517
10613
10613
10806
10999
11095
11192
8876
9069
9455
9648
9648
9745
10034
10131
10324
10517
10613
10613
10903
10999
11192
11192
8780
9069
9262
9455
9648
9745
9938
10131
10324
10517
10613
10613
10806
10999
11095
8394
8876
9069
9455
9648
9648
9841
10034
10131
10324
10517
10613
10613
10903
8105
8683
8973
9069
9262
9455
9648
9745
9841
10034
10227
10324
10517
10613
7622
7912
8201
8683
8973
9069
9262
9455
9648
9745
9841
10034
10227
10324
10517
7526
7912
8008
8394
8780
9069
9262
9455
9648
9648
9745
9841
10034
10131
10324
10517
6850
7236
7622
7912
8201
8683
8973
9069
9262
9455
9648
9648
9841
10034
10131
6850
7043
7622
7912
8105
8683
8876
9069
9262
9455
9648
9648
9745
9938
10034
