7.180
7.350
7.375
7.366
7.349
7.332
7.308
7.274
7.262
7.243
7.208
7.152
7.124
7.087
7.082
7.060
7.000
6.974
6.936
6.886
6.732
6.784
6.697
6.661
6.644
7.301
7.269
7.245
7.227
7.161
7.148
7.097
7.057
6.995
6.941
6.848
6.775
6.789
6.726
6.762
6.639
7.384
7.336
7.319
7.210
7.170
7.136
7.101
7.070
7.050
6.997
6.968
6.909
6.764
6.732
6.690
6.675
6.649
6.593
7.390
7.297
7.203
7.188
7.208
7.089
7.087
7.028
6.996
6.923
6.792
6.762
6.757
6.707
6.677
6.626
7.314
7.280
7.260
7.263
7.174
7.109
7.097
7.071
7.008
6.943
6.888
6.788
6.756
6.705
6.659
6.640
6.615
7.311
7.243
7.218
7.201
7.159
7.072
7.069
7.028
7.007
6.962
6.924
6.824
6.755
6.741
6.701
6.642
6.589
7.292
7.247
7.224
7.184
7.151
7.110
7.112
7.078
7.007
6.956
6.850
6.818
6.762
6.727
6.672
6.655
6.625
7.267
7.198
7.205
7.143
7.099
7.096
6.976
6.957
6.867
6.829
6.780
6.771
6.734
6.694
6.682
6.589
7.273
7.218
7.193
7.146
7.112
7.030
6.957
6.856
6.825
6.761
6.755
6.689
6.688
6.660
6.595
7.243
7.198
7.161
7.107
7.089
7.033
6.913
6.867
6.853
6.827
6.753
6.734
6.700
6.662
6.655
6.573
7.290
7.220
7.200
7.168
7.112
7.051
7.014
6.860
6.816
6.762
6.737
6.710
6.639
6.602
6.594
7.404
7.349
7.244
7.174
7.130
7.099
7.040
7.014
7.045
6.765
6.719
6.692
6.656
6.602
7.367
7.293
7.225
7.174
7.110
7.074
6.988
6.916
6.788
6.817
6.733
6.675
6.626
6.602
7.346
7.278
7.262
7.185
7.167
7.077
7.046
7.062
6.987
6.938
6.816
6.743
6.681
6.668
6.629
7.384
7.307
7.292
7.261
7.170
7.058
7.047
6.962
6.887
6.829
6.762
6.719
6.676
6.624
6.614
6.528
7.345
7.310
7.297
7.219
7.205
7.176
7.116
7.074
7.069
7.024
6.822
6.969
6.669
6.661
6.635
7.316
7.314
7.270
7.226
7.234
7.172
7.134
7.107
7.083
7.039
6.911
6.872
6.816
6.649
6.635
