7.138
7.341
7.372
7.361
7.097
6.780
6.389
0.743
1.327
1.414
0.624
1.407
1.458
1.395
1.441
1.408
1.427
1.458
1.418
1.406
1.401
0.821
1.448
1.388
1.424
1.278
1.493
1.419
1.361
1.370
1.437
1.473
1.417
1.350
1.407
1.502
1.324
1.229
1.412
1.449
1.445
1.455
1.440
1.287
1.393
1.468
1.498
1.490
1.486
1.502
1.612
1.453
0.870
1.374
1.492
1.386
1.462
1.483
1.020
1.490
1.488
1.495
1.451
1.597
1.517
1.501
1.535
1.524
1.828
1.509
1.507
1.537
1.547
1.548
1.586
1.627
1.648
1.696
1.599
1.510
1.577
1.508
1.539
1.543
1.488
1.491
1.546
1.401
1.514
1.666
1.563
1.589
1.535
1.000
1.397
1.644
1.548
1.602
1.565
1.460
1.612
1.680
1.559
1.516
1.626
1.599
1.645
1.115
1.662
1.638
1.693
1.759
1.738
1.689
1.759
1.722
1.456
1.621
1.619
1.604
1.549
1.911
1.504
1.424
1.653
1.630
1.776
1.555
1.527
1.820
1.765
1.682
1.782
1.774
1.992
1.975
1.710
1.808
1.931
1.786
1.848
1.987
1.840
1.813
1.896
1.823
1.589
1.741
1.869
1.603
1.598
1.734
1.842
1.687
1.772
1.669
1.652
1.839
1.531
1.571
1.569
1.662
1.729
1.651
1.745
1.691
1.931
1.675
1.644
1.829
1.589
1.688
1.648
1.442
1.548
1.375
1.748
1.571
1.617
1.623
1.615
1.578
1.616
1.698
1.649
1.524
1.744
1.717
1.705
1.628
1.562
1.471
1.492
1.399
1.844
1.579
1.610
1.585
1.564
1.483
1.600
1.578
1.502
1.585
1.584
1.625
1.631
1.516
1.499
1.462
1.580
1.580
1.550
1.530
1.557
1.519
1.380
1.530
1.582
1.609
1.541
1.501
1.539
1.481
1.499
1.515
1.621
1.471
1.465
1.568
1.544
1.503
1.551
1.519
1.510
1.505
1.451
1.435
1.530
1.388
1.523
1.486
1.522
1.471
1.549
1.494
1.381
1.459
1.445
1.482
1.490
1.413
1.431
1.407
1.438
1.476
1.489
1.404
1.401
1.430
1.333
1.506
1.359
1.476
1.456
1.497
1.370
1.373
1.481
1.449
1.382
1.322
1.349
1.443
1.343
1.403
0.776
1.452
