1667
1667
1684
8032
16294
19200
18248
15532
13579
15646
15355
13521
13067
16138
15198
14474
15193
13693
15064
14348
13232
14430
13440
15796
15462
16769
14591
15101
15663
15873
16102
16787
17573
17802
18971
19200
19200
19200
19200
19200
19200
19200
19200
19200
19200
19200
19200
19200
19200
19200
19200
19200
19200
19200
19200
19200
19200
19200
19200
19200
19200
19200
19200
19200
19200
19200
19200
19200
19200
19200
19200
19200
19200
19200
19200
19200
19200
19200
19200
19181
17759
19200
19200
19200
19200
18614
19200
19200
19200
19200
19200
19200
19200
19200
19164
19200
18125
18267
19200
19200
18495
18994
18811
18495
15948
17314
18452
19200
19200
19200
19200
18227
18954
19200
19017
18956
19200
18531
19200
19200
19200
19200
19200
19200
17871
16915
18809
18180
16870
15817
17530
18419
18441
18043
16872
15434
16123
17648
17418
16685
15586
18177
17501
16938
16703
14154
17857
17610
15483
17120
15695
16066
15215
18916
18691
18984
18382
18497
16640
18397
18239
19200
18951
18360
18063
18594
17594
17565
16650
18202
18157
19200
19200
16966
19200
18258
17932
16116
18261
16747
16521
15177
16892
15794
16566
15888
16152
17607
18166
14892
17208
18124
14722
17208
16828
15136
17681
17755
18416
18560
17737
18416
18320
17711
18181
18585
18891
19200
18750
19200
19200
19200
17690
19200
19116
19200
19200
19200
19200
19200
19200
19200
19200
19200
19200
19200
19200
19200
19200
19200
19200
19200
19200
19200
19200
19200
19200
19200
19200
19200
19200
19200
19200
19200
19200
19200
19200
19200
