772
772
6368
7429
7912
8201
8780
8973
6850
7429
7815
7912
5307
5692
6175
6368
6850
4342
4824
5210
5596
5692
6078
6368
772
2509
3184
3859
4535
5210
5692
6368
7429
8008
9069
9455
10034
10613
10999
11385
11578
11964
12350
12350
12543
12929
13122
13604
13990
14376
14569
14665
14858
15051
15341
15534
15630
15727
15920
16016
16016
16209
16209
16306
16306
16691
16788
16884
16884
16884
16981
6754
7622
8201
8780
9069
9455
9648
9648
6657
6850
7526
7912
8683
8780
8973
9455
9648
9745
9841
10034
10324
10517
10613
10613
8780
8973
9069
9262
9455
9648
9648
7622
7912
5596
6078
6850
7912
8201
8973
9262
9455
9455
9648
9841
10034
10227
6850
7622
8008
8394
8876
9069
9262
9455
9648
9648
6850
7429
7622
8008
8201
8780
8973
9069
6947
7429
7815
7912
8201
5596
6078
6657
7043
7526
3280
4535
5307
5692
6078
6368
6754
4342
5307
5885
6368
6850
7429
5210
5692
6175
6850
7236
7622
7912
8008
8201
8780
8973
9069
9262
9455
9648
5596
6175
6754
7043
7429
7622
7912
8201
8394
6368
6754
7043
7429
7622
7912
7912
3184
4342
5114
5307
5692
6175
6657
6850
7236
7622
7912
8008
8201
8683
8876
8973
9166
9262
9455
7043
7622
8201
8876
9069
9262
9648
9648
9841
10034
10324
10613
10806
11192
11385
11578
12350
12350
12543
12929
13122
13508
13604
13990
14183
14376
14569
14569
14665
14665
14858
14955
14955
15051
15148
15341
15341
15534
15630
15727
