17.2529492291663402
17.2655026957145878
17.2749537307635350
16.8016316429684700
16.1698742366495196
1.5607076440867758
10.2334400352790418
10.3434456170709055
10.7430195001829514
10.5743852125919329
10.4661526084468903
10.6354234348138359
10.5837751198196610
10.2689208610889899
9.7460469198503432
10.3478187762664398
9.8732565208652900
10.3445801851787422
10.3114535819816151
10.3273049331231057
10.3818177969925252
10.2922596829371216
10.4091923538713207
0.0000000000000000
10.1855323696260296
9.9066120001076428
9.7574412828171582
10.2646568866478063
10.4731493543410910
10.3788020777243055
10.9421980369152791
10.4057455130678633
10.4969613129466079
10.9565719881408121
10.8591396498272843
9.1957082490799618
1.9417648920599433
2.0167534824516729
1.9752101719492927
2.1139469157900699
1.9364471455974908
1.8239550954266797
2.0999286391916527
1.9548667717764161
10.0754791940665509
1.8761255067741303
2.1286166687662913
2.1232087622852269
1.8295589328837352
1.8043880364656353
1.8308921412074355
2.1778547226497231
2.1084567240232950
1.7726367269254162
2.0758520863440513
2.0580309286784164
1.7077952314153464
1.7142083967729533
1.7391483271921899
1.5939982100136838
1.6929106467924839
2.0418007984321314
1.6119179750705896
1.5155758676548743
1.5572051117270362
1.5630732544887138
2.0296538621438103
1.5543700483370273
1.5328717741845779
10.6790525879467548
2.0051333809037857
1.5443487051977982
1.5362710354324562
1.5441226166318742
1.7187384139130586
2.0010980519908728
1.3415684578657157
1.9340207975499411
1.4745094239405176
10.1560278431497579
10.6364674886116859
1.6651148238390405
1.5955939409469195
1.5647775674000499
1.5283603631582103
10.2529233237144108
8.9304091819217177
1.5032057399335699
1.5774410874956928
1.5200232731540808
1.9030192529747367
1.6492514230540358
1.8704854053358559
1.5262607752127870
9.9462504445164122
1.6978197340499293
10.1011283496816056
10.0777343951500633
8.0185183616106119
1.4633266099776243
10.0881080305722399
10.2672956074430122
10.3194246391905669
10.0055849125010159
10.1803385028574986
10.7034307408366605
11.0014550745196633
9.4534170384668101
1.7547910395051574
1.7936404802599739
1.5792063986285640
10.3782771843327186
9.9951520499779161
1.8778999425006937
10.6340804737904797
10.2048485378402631
1.5026162227505395
10.1227395898512604
1.4913725963681301
1.4804901371513921
1.9269204163559408
1.5002402320118833
1.6580423436493064
1.4519899338805971
10.4127023928591242
10.3333702857597238
10.2897566260644791
9.9664393575758190
10.4411616831089997
10.1872340280903764
10.4775302112814224
10.5135978351553092
10.3471948571558912
10.3798881691964606
10.3206098472444587
10.4524657181539258
10.1570111977415412
10.2020948490932852
10.2117733143123406
10.2014502377913505
10.3080247323723047
9.7029072769920326
10.2953114941866488
10.3194701275038216
9.8475443050322511
10.1202283152709089
10.2910334010758913
9.7650598098387746
10.3724479464046286
9.6674516602534180
10.2047382181898403
9.9307359914785991
10.2561717659319278
10.4535518155767573
9.9682741108551660
10.0964290360680273
10.1943953390142745
10.0117839627506164
10.1060471552128170
10.0950563843206389
10.0184891784554058
8.6186296911101259
10.1951773598793061
9.5302216292897626
9.5570960353610026
9.7373884861418798
10.0281783641989506
10.0064599832662218
10.0682379510455480
10.2625500807568990
10.0806428814989317
8.4818551023345812
1.6332920695664512
10.2922948971172623
8.9348095625422168
10.2548369814677880
10.0215389934339054
9.7194107154032690
9.9607857547309422
10.0270310535761720
10.0469078402479930
10.0283255131534776
9.3887001216209178
10.1772947682930468
10.3077959530112260
10.0273770711011156
10.2254090001611750
9.8706484565835346
9.8072779163489248
10.0482690290467751
10.0840554307681316
9.9130539648749618
10.0396159111740229
9.9767900749401512
10.1337169002293965
10.0402411632729169
10.0661828604871015
9.9769141729415285
10.1004513104021783
10.0395557785242318
10.0053302094016594
10.3752892185241361
9.8030287435603505
10.0934403628491491
10.1742453519635205
10.4320636480291906
10.5987576701717536
8.8150509012548000
10.4329749521592881
8.6609571239805305
1.6645471694940781
1.6552972399344839
10.2937056381591194
8.5290333648982788
10.4048302678489222
8.8211143449526190
1.5896263075916153
2.0331951479352508
1.6424869118949843
1.5959907072728541
1.8953729068013914
2.1174420314950897
2.0616952805330264
1.8737789726889673
1.6218224872534215
2.0421072675052976
1.6041331382287751
1.6306398818609296
2.0033986203465197
10.3027767193383575
10.6021535383312138
1.9710394777806854
1.6822482376029875
2.0193141100976995
2.0539471494955635
1.5480397268815835
1.9435511356919264
1.7977806852497551
2.0995942298187487
1.5026153463456069
10.5394812234763791
1.9506137474556695
1.5498812236781632
1.9146822916100916
1.6794618641207713
1.9936168528404679
1.5643325950785680
1.9894342235299831
