17.3745835661314665
16.8386939324273044
16.5301368436340539
16.3788852149201851
16.2318736510602299
15.8187893288175498
15.6805736696274565
16.4504359521986920
16.3937613490680647
16.3216698818700792
15.4380340037001798
16.4996249727179780
16.4146254992562213
16.2322778796125391
16.1401828551478168
15.5690332818085100
16.3371250774021739
16.3778446061087379
16.1565770496500178
16.2107103596014852
15.7375104316641927
16.2081192163910899
16.5797654523146463
16.3610206700978011
16.4395681859554763
16.5765649322849384
16.6826172058863698
16.6918441734750864
16.6997981035363452
16.8517365894662952
16.9120794010512157
16.9440813833803361
16.8519138769654724
16.9019344913976539
16.8859615727425023
16.6646126665337952
16.6138988305987638
16.5228704151283416
16.2052690090641036
16.1963768180158709
16.5255501582329885
16.6030509776623028
16.7380642801778237
16.8116791751531238
16.8340053087443984
16.8550445817769372
16.8540784259496377
16.8165038661881923
16.7791410125192364
16.7382108697020726
16.6259065946814992
16.5941764110111123
16.5513797163652114
16.5114320240441046
16.5481807006407635
16.4963769262338147
16.0789232726039515
16.0674766967309210
16.1496441816443301
15.9996008586093375
16.0708698950023319
15.9735128536420667
15.9290437488599803
15.9703089751420215
16.0025698735102786
15.7925132627154703
15.5783884463366888
15.4833025220390130
12.4386993324898736
16.7040033188374046
16.6215685380722746
16.4357315346360373
16.4442704174315963
16.3457447783030467
16.0665043219749393
16.2393444018089284
15.3552603039156370
16.2672220565786034
16.6848594092969087
16.5737825607072971
16.6977587891065973
15.9192278734800521
16.1221773392810483
16.5348020880142883
16.3264968082082973
16.3024161994192305
15.7052853976073052
16.2151402411891112
16.3028904566517028
15.6971347259633838
15.7805082782602177
16.0414816068473236
15.5289505914434294
16.0843649318881710
16.0635088755898856
16.0903637274771718
16.1163759046092601
15.8072641561476299
16.0547592033346724
15.4796760257485815
16.4230737717267594
15.5205388712435468
16.5361947009148125
16.7879369886087098
16.8122036359024669
16.7159191413638624
16.6542870074389846
16.4849261173457897
15.7395164298866455
15.9494847246680536
16.4404353186267116
16.0547774855686711
16.1135746059982949
16.2538903307405675
12.0856279631851553
16.8903967835016715
16.4705377759938578
16.4470570074248101
16.3480249811135536
16.4155887805204053
16.2759911274667353
16.1545698147667771
15.6821464491052716
15.7385100722353002
15.3348981149834138
16.5325614844086815
16.4014501735443474
16.4158412692722280
16.3384197326656881
16.3699707733775348
15.7988779637727390
15.7498226254637217
15.6084486210898277
16.4521098768917220
16.4625042602493643
16.3682544008887838
15.9352629011810460
15.4936350747848408
16.6431463743349752
16.5644850470078673
16.5703476546569703
16.5006936721126429
11.8970325897950957
16.7120857037895405
16.7298226715113856
16.2297190402591269
16.4086922909538657
16.4404541012169645
16.1801656321706346
15.5831192820568383
16.7949916610715562
16.6766272643294897
16.4347629692289843
16.4975193479991056
16.5411983060900170
15.5896247560618413
16.6020279503329533
16.5665787881446640
16.6396678325391534
16.2549374788562950
16.5033582299041868
16.2043576766615445
16.3682240659641884
16.1640565066187740
16.2609953447792002
16.1225184503405430
15.9694137574600994
15.7935114625095281
16.0869924371537358
16.0502679078647290
11.6380732796197357
16.6697309843135812
16.5556819755014004
16.5294827186995157
15.9000071434505799
16.3293732726947667
16.3792057688697277
16.2594948520773990
15.6866643498379013
15.6670939812846370
16.1515256014698210
16.3342180055191761
16.0485403643878684
15.7287773247223370
16.2861992264734603
16.0901183602126778
11.5703207229463914
16.7234265601384351
16.6201922129224222
15.8381197517912291
16.4543438148588983
16.4362577967982944
16.2604723117332028
16.2715638652721388
16.3883955407238311
16.2723655550270010
16.1564894858360013
16.2365997704837142
16.1724608214534804
16.2496693946443145
15.7462097525342433
15.8245291630721070
16.1860823077845275
15.7000771469716511
16.2887222307783972
15.3369144113890759
16.7461459736310587
16.6786633448331756
16.6293017817718081
16.0409450687236372
16.4636580751837514
16.3826303573024639
16.2480634898530631
16.3095566556543226
16.2470556535805351
16.3420576670252657
16.4671926772818686
16.5317413120702312
16.5562343126413545
16.5290724125486364
16.4868338026292491
16.5323516693214003
16.4890929594433331
16.4605343624567624
16.4716076039687351
16.4094017905900849
16.4019024875718635
16.3195684966746626
16.3710287149676503
16.3850621294860233
16.3736986826530782
16.3633755694213185
16.2315352827979638
16.1628013890421691
16.2788409933439375
16.2845777197716899
16.0125819170616381
16.1333654803958879
15.9216015340539450
16.1848599522324896
15.9664902523098107
16.0421335339141358
16.0475695391494355
15.9992921903552237
15.8882416107511357
15.7636066489580795
