1620
1620
1636
1500
1807
2119
2409
2545
2609
2754
2864
2958
3157
3167
3095
3048
2952
2872
2926
2879
2852
2790
2810
2661
2645
2748
2688
2720
2750
2643
2744
2761
2616
2563
2532
2412
2240
2080
2107
2097
2162
2173
2218
2122
2171
2194
2194
2052
2084
2006
1888
1821
1743
1683
1597
1612
1574
1663
1696
1680
1686
1752
1796
1805
1892
1749
1695
1736
1787
1907
2137
2318
2204
2145
2131
2150
2136
2152
2152
2151
2143
2108
2121
2130
2087
2140
2257
2152
2060
1997
2017
1917
1964
1926
1841
1871
1857
1833
1820
1816
1939
1814
1859
1803
1763
1911
1979
1910
1972
1904
1908
1838
1846
1877
1960
1915
1951
2072
2110
1993
1839
1814
1735
1728
1796
1759
1773
1781
1731
1790
1842
1906
1962
2026
2020
2031
1940
1928
1893
1831
1809
1826
1856
1862
1875
1891
1885
1854
1901
2008
1957
2011
2002
2091
1984
1978
1905
2041
1976
2022
2005
1948
1978
1954
1923
1992
2012
2072
2091
1987
1923
1825
1839
1739
1860
1849
1791
1863
1764
1706
1707
1749
1750
1836
1798
1901
2215
2097
1967
1843
1899
1865
1881
1908
1868
1859
1946
1901
1899
2019
1949
1914
2104
2106
2159
2114
2059
2043
2185
2189
2218
2512
2426
2335
2405
2416
2407
2446
2286
2301
2182
1990
1884
2013
1958
2034
1870
1855
1797
1769
1663
1624
1636
1665
1706
1813
1738
1678
1717
1674
1542
1699
1665
1741
1852
1839
1864
1895
1907
1954
2106
2004
1930
1984
2004
1970
1958
1930
2142
2142
2161
2196
2255
2241
2195
2185
2174
2158
2368
2215
2250
2364
2289
2315
2420
2360
2465
2419
2469
2464
