741
741
1482
1976
2141
2388
2470
2552
2552
2552
2635
2717
2717
2470
2470
2388
2388
2470
2552
2552
2552
2552
2552
2552
2552
2552
2552
2552
2552
2552
2552
2552
2552
2552
2552
2552
2470
2388
2305
2223
2141
2141
2058
2141
2058
2141
2058
2141
2223
2141
2141
2141
2141
2141
2141
2141
2058
2058
2058
2058
2058
2058
2058
2058
2058
2058
2058
2058
2058
2058
2058
2141
2141
2141
2141
2141
2058
2141
2141
2141
2141
2141
2141
2141
2141
2141
2141
2141
2141
2223
2223
2223
2305
2223
2223
2305
2305
2388
2388
2388
2388
2388
2388
2388
2388
2388
2388
2388
2388
2388
2388
2388
2305
2305
2223
2141
2141
2141
2141
2141
2141
2141
2058
2058
2058
2058
2141
2141
2141
2141
2141
2223
2223
2305
2141
2141
2141
2141
2141
2141
2141
2141
2058
2058
2058
2058
2058
2058
2058
2058
2058
2058
2141
2141
2141
2141
2141
2141
2141
2141
2141
2141
2141
2141
2141
2141
2141
2141
2141
2141
2141
2141
2058
2058
2058
2058
2058
2058
2058
2058
2141
2141
2141
2141
2141
2141
2141
2141
2141
2141
2141
2141
2223
2223
2223
2141
2141
2305
2388
2388
2388
2305
2388
2388
2388
2388
2388
2305
2141
2141
2141
2223
2223
2223
2223
2388
2305
2388
2388
2388
2388
2388
2388
2388
2223
2141
2141
2058
2058
2058
2058
2058
2058
2058
2058
2058
2058
2058
2058
2058
2058
2058
2058
2058
2058
2058
2058
2058
2058
2058
2058
2058
2058
2141
2141
2058
2058
2058
2058
2058
2058
2058
2058
2058
2058
2058
2058
2058
2058
2058
2058
2058
2141
2141
2141
2058
2058
2058
2058
2058
