1.786
1.545
3.845
6.811
6.842
6.573
6.379
5.956
5.777
3.817
3.137
3.112
2.277
2.263
2.316
2.421
2.491
2.533
2.358
2.078
2.279
2.508
2.166
2.393
3.610
2.536
2.428
2.296
2.251
2.874
2.533
2.566
3.023
3.582
3.179
2.216
3.128
3.687
3.043
2.771
2.980
2.556
2.777
3.634
2.578
2.800
2.719
3.791
3.246
3.837
3.749
3.941
4.348
4.768
4.297
4.060
4.245
3.910
3.675
4.063
4.319
3.190
3.657
3.366
2.564
3.961
3.141
3.564
3.643
3.693
2.763
2.208
2.313
2.242
2.291
2.342
2.777
2.186
2.832
2.575
2.788
3.545
2.379
2.415
2.814
2.714
2.900
2.899
2.476
3.262
3.221
3.590
3.041
3.192
3.562
3.459
3.893
4.143
4.244
4.139
3.612
4.196
3.742
3.862
4.002
3.796
3.718
3.641
3.434
3.765
3.907
3.905
3.677
3.807
2.544
3.163
3.010
2.746
2.234
2.692
3.491
3.452
3.462
3.618
3.338
3.421
3.407
3.338
3.457
3.269
4.129
4.222
3.294
2.909
2.731
2.519
2.897
3.663
2.658
3.806
3.171
3.338
2.771
3.232
2.961
3.260
2.673
2.754
2.901
4.352
3.153
2.454
2.711
2.870
2.416
3.135
3.577
2.921
2.966
4.628
3.860
3.663
3.483
3.348
3.317
3.097
3.150
3.291
4.185
3.456
3.443
3.462
3.522
3.728
3.191
3.244
3.515
3.243
3.349
4.191
3.621
4.043
3.930
3.381
3.543
3.189
2.537
2.092
2.357
3.698
3.120
3.278
3.174
3.486
3.560
3.229
3.360
3.172
3.070
2.754
2.993
3.241
2.867
2.612
2.210
2.852
2.615
2.969
2.470
2.745
3.593
2.193
2.592
3.378
2.658
2.307
2.270
2.321
2.729
2.906
2.329
3.536
3.540
3.373
3.071
3.875
3.071
3.027
3.350
4.432
3.385
3.751
4.060
3.954
4.411
3.717
3.666
4.120
3.722
4.463
4.365
3.798
4.244
3.965
3.391
3.386
3.717
3.844
3.674
3.835
2.976
3.047
3.586
4.200
3.115
2.491
2.625
3.147
2.561
3.018
2.662
3.452
3.720
2.447
2.925
2.204
2.413
2.346
1.479
2.340
2.337
2.181
2.329
2.347
2.372
2.248
2.326
3.102
2.579
2.240
