7.783
7.123
6.683
6.688
6.718
6.768
6.791
6.883
6.906
6.944
6.930
6.919
7.000
7.017
6.972
6.891
6.781
6.690
6.647
6.566
6.593
6.480
6.488
6.537
6.463
6.587
6.564
6.523
6.567
6.562
6.439
6.640
6.478
6.539
6.396
6.417
6.472
6.404
6.488
6.561
6.576
6.449
6.444
6.617
6.566
6.550
6.618
6.536
6.474
6.564
6.532
6.573
6.303
6.439
6.256
6.477
6.450
6.410
6.378
6.398
6.431
6.308
6.290
6.285
6.302
6.369
6.465
6.437
6.460
6.605
6.448
6.341
6.312
6.437
6.385
6.442
6.419
6.403
6.495
6.545
6.547
6.583
6.566
6.612
6.640
6.602
6.575
6.603
6.597
6.553
6.599
6.613
6.566
6.610
6.540
6.605
6.592
6.576
6.615
6.606
6.549
6.593
6.550
6.536
6.591
6.604
6.550
6.596
6.565
6.514
6.507
6.547
6.544
6.466
6.427
6.495
6.489
6.431
6.404
6.440
6.356
6.413
6.401
6.399
6.401
6.374
6.395
6.416
6.460
6.472
6.465
6.471
6.396
6.415
6.375
6.414
6.348
6.341
6.371
6.325
6.321
6.367
6.358
6.377
6.349
6.343
6.356
6.412
6.374
6.423
6.449
6.445
6.402
6.363
6.407
6.501
6.472
6.528
6.534
6.517
6.561
6.579
6.575
6.608
6.590
6.605
6.674
6.640
6.630
6.603
6.653
6.649
6.608
6.578
6.530
6.439
6.393
6.388
6.377
6.361
6.415
6.412
6.368
6.418
6.557
6.361
6.322
6.289
6.401
6.368
6.375
6.331
6.265
6.251
6.245
6.274
6.266
6.287
6.159
6.262
6.400
6.377
6.309
6.298
6.270
6.367
6.461
6.426
6.444
6.575
6.411
6.457
6.541
6.501
6.522
6.571
6.474
6.502
6.329
6.295
6.282
6.384
6.430
6.455
6.359
6.327
6.320
6.387
6.353
6.324
6.320
6.447
6.349
6.361
6.298
6.293
6.344
6.379
6.226
6.362
6.263
6.350
6.416
6.342
6.392
6.447
6.461
6.467
6.540
6.440
6.446
6.493
6.480
6.428
6.519
6.456
6.562
6.461
6.528
6.510
6.499
6.491
6.527
6.632
6.590
6.616
6.610
6.522
6.481
6.489
6.468
6.432
6.430
6.326
6.452
6.519
6.522
6.507
6.518
