772
772
1351
1447
1447
1447
1447
1447
1447
1447
1447
1447
1447
1447
1447
1447
1447
1447
1447
1447
1447
1447
1447
1447
1447
1447
1447
1447
1447
1447
1544
1447
1447
1447
1447
1447
1447
1447
1544
1447
1447
1447
1544
1544
1447
1544
1544
1544
1544
1544
1640
1640
1544
1544
1640
1737
1737
1640
1737
1737
1737
1640
1544
1640
1737
1737
1737
1737
1737
1833
1930
1930
1833
1833
2026
2123
2123
2219
2219
2123
2219
2219
2316
2316
2412
2412
2316
2412
2412
2412
2412
2412
2412
2412
2412
2412
2412
2412
2412
2412
2412
2509
2509
2605
2702
2798
2798
2798
2894
2798
2894
2991
2991
2991
2991
2991
2991
2991
3184
3184
3087
3184
3184
3184
3280
3280
3280
3280
3280
3473
3473
3280
3280
3473
3473
3666
3666
3666
3763
3763
3859
3859
3956
4052
4149
4149
4245
4342
4342
4342
4438
4438
4535
4535
4824
5114
4921
5210
5499
5403
5692
5596
5692
5692
5885
5692
5596
5403
5307
5114
4921
4631
4631
4535
4438
4342
4149
3956
3763
3570
3280
3184
2894
2702
2991
2605
2991
3280
3763
4052
2894
2798
2798
2894
2894
2894
2798
2894
2991
2991
2894
2991
2991
2991
3087
2991
3184
3087
3184
3087
3184
3184
3184
3184
3280
3280
3280
3280
3280
3280
3473
3570
3473
3570
3570
3570
3666
3666
3763
3859
3859
3859
3859
3956
4052
3956
4052
4149
4149
4245
4245
4342
4245
4342
4342
4438
4438
4535
4535
4535
4631
4631
4631
4921
4921
4921
4921
5210
5210
5210
5403
5403
5499
5692
5692
5692
5692
5885
6078
6368
6657
6368
6657
6850
6947
7236
7526
6947
7333
7526
6850
7043
6657
6850
6368
6754
6368
6657
6368
6754
6947
7429
7622
7912
8201
8876
9069
9455
9648
9745
10034
10227
10517
10613
10710
10999
11192
11385
11385
11578
11867
12253
12350
3570
3956
3280
3087
2991
2894
2798
2509
2412
2509
2509
2509
2509
2605
2605
2605
2702
2798
2798
2798
2798
2894
2894
2894
2894
2991
2991
2991
2991
2991
2991
2991
3087
3087
3087
3184
3184
3184
3184
3184
3280
3280
3280
3280
3280
3280
3473
3570
3570
3570
3666
3666
3763
3763
3859
3859
4052
4149
4149
4245
4342
4342
4342
4438
4438
4535
4535
4535
4631
4921
4631
4921
4535
4631
5114
4342
4245
4245
4149
4052
3956
3859
3666
3570
3280
3184
3087
2991
2798
2702
2702
2798
2702
2798
2798
2894
2798
2798
2894
2894
2894
2894
2991
2991
2991
2991
2991
2894
2991
3087
3087
3087
3087
3087
3184
3087
3184
3184
3184
3280
3280
3570
3666
3666
3666
3666
3763
3859
3956
4149
4245
4342
4438
4535
4535
4535
4535
4921
4824
4631
4631
4535
4438
4245
4149
3859
3763
3666
3570
3280
2991
2894
2509
2316
1930
1640
1447
1158
965
772
772
772
868
868
965
965
965
965
965
965
965
965
1061
965
965
1061
1061
1061
1158
1158
1158
1158
1158
1158
1158
