1667
1667
1684
1935
1941
1832
1945
1889
1836
1692
1569
1574
1620
1688
1712
1669
1624
1671
1672
1709
1722
1675
1724
1708
1699
1729
1728
1751
1751
1793
1813
1782
1795
1811
1819
1831
1866
1946
1927
1926
1819
1844
1829
1853
1852
1909
1983
1976
1958
1944
1964
1873
1903
1905
1969
1928
2005
2033
2018
2017
1953
2001
2015
2123
2160
2142
2159
2170
2112
2154
2173
2129
2169
2198
2265
2208
2190
2242
2267
2356
2453
2465
2459
2542
2567
2471
2588
2554
2548
2491
2509
2538
2553
2583
2599
2647
2631
2659
2723
3153
3078
3013
2996
3014
3063
3111
3042
3032
3333
3323
3278
3302
3280
3238
3256
3231
3280
3367
3680
4029
3781
3724
3581
3528
3482
3486
3521
3798
4453
4201
3950
3862
3848
4172
4707
4506
4268
4101
4055
3975
4095
4189
4415
4822
4595
4442
4464
4584
4668
4712
4949
5000
5182
5392
5676
6199
6157
6468
6552
6537
6550
6647
6625
6750
7140
6871
6687
6789
6757
6588
6468
6462
6038
5575
5291
5059
4763
4714
4517
4487
4296
4142
4696
4288
4095
4173
4096
5477
6802
5920
5199
4496
4031
3736
3591
3774
4250
3960
3978
4264
4108
3941
3899
3756
3744
3721
3749
3823
3853
3833
3895
3917
3857
3934
4015
4053
4066
3994
4139
4120
4141
4206
4240
4254
4279
4419
4424
4515
4524
4487
4613
4682
4665
4654
4749
4652
4915
4898
4883
4888
4936
4888
4889
5109
5098
5099
5150
5182
5287
5424
5346
5281
5329
5333
5473
5661
5637
5831
6050
6292
6511
6560
6624
6552
6761
6946
7201
7223
7186
7404
7954
7978
8313
8350
8424
8561
8860
8792
8791
9042
8871
8733
8583
8549
8363
8327
8308
8459
8637
9407
11742
13987
16066
17211
17852
18061
18212
18227
18282
18206
18228
18174
18134
18078
18020
18048
18130
18290
18420
18514
18475
18456
17966
16484
13804
9927
6997
5325
4504
3901
3551
3317
3358
3373
3284
3287
3191
3147
3199
3240
3394
3474
3644
3583
3582
3515
3527
3485
3574
3583
3640
3839
3883
3942
3965
3884
3969
4130
4080
4028
4032
3971
3956
3874
3885
3980
4043
4049
4112
4092
4105
4161
4267
4432
4487
4568
4667
4735
4871
4890
5051
5133
5255
5342
5530
5650
5719
5882
5735
5857
6109
6040
6002
6067
6361
6516
6863
6700
6515
6445
6172
5758
5566
5504
5281
5010
4765
4472
4219
3965
3761
3648
3573
3538
3518
3381
3354
3306
3358
3298
3356
3514
3645
3738
3712
3588
3469
3534
3687
3642
4104
4054
3807
3773
3541
3489
3550
3498
3474
3497
3615
3779
3682
3599
3661
3830
3863
3825
3938
4214
4477
5240
5310
5144
5597
5438
5277
5781
5640
5572
5969
5904
5747
5573
5551
5446
5515
5388
5248
4889
4466
4131
3904
3620
3279
2913
2576
2192
1932
1583
1145
681
430
375
353
572
724
954
1115
1239
1419
1561
1550
1480
1320
1320
1300
1290
1342
1353
1265
1221
1195
1268
1311
1221
1202
1208
