7.031
7.048
6.712
6.598
6.519
6.237
5.946
5.874
5.441
2.562
2.958
3.102
3.070
2.860
2.546
2.973
3.042
2.651
3.030
2.660
2.728
2.923
2.780
3.099
2.946
2.897
2.942
3.095
3.045
3.070
2.705
3.044
2.947
2.896
3.055
2.827
2.724
2.529
2.265
2.325
2.845
2.866
2.636
2.730
2.645
2.636
2.264
2.410
2.676
2.435
2.534
2.816
2.995
2.646
2.673
2.950
2.741
2.793
2.406
2.442
2.934
2.451
2.400
2.228
2.222
2.393
2.244
2.447
2.611
2.499
2.212
2.423
2.265
2.213
2.646
2.600
2.415
2.341
2.235
2.501
2.408
2.138
2.444
2.184
2.410
2.302
2.253
2.190
2.211
2.669
2.204
2.390
2.333
2.577
2.268
2.226
2.474
2.170
2.566
2.518
2.288
2.126
2.131
2.475
2.301
2.290
2.449
2.129
2.317
2.317
2.342
2.608
2.294
2.382
2.397
2.480
2.544
2.062
2.249
2.523
2.184
2.090
2.449
2.343
2.203
2.285
2.454
2.523
2.307
2.543
2.230
2.262
2.444
2.247
2.161
2.383
2.394
2.307
2.396
2.313
2.527
2.489
2.245
2.245
2.569
2.334
2.484
3.643
2.221
2.486
2.459
2.407
5.597
2.609
2.568
2.695
2.559
2.496
2.322
2.358
2.520
2.556
2.293
2.549
2.510
2.500
2.309
2.489
2.152
2.222
2.202
2.380
2.305
2.271
2.138
2.300
2.401
2.383
2.078
1.965
2.168
2.040
2.007
2.245
2.056
2.196
6.659
6.346
1.789
1.853
2.010
2.127
2.194
2.340
2.194
2.108
2.039
2.248
2.146
2.170
2.071
2.054
2.121
2.479
2.514
2.365
2.203
2.137
2.200
2.363
2.175
2.579
2.373
2.193
2.282
2.511
2.252
2.182
2.359
2.313
2.271
2.608
2.561
2.185
2.366
2.286
2.168
2.349
2.400
2.473
2.509
2.630
2.559
2.358
2.190
2.556
2.406
2.353
2.252
2.503
2.144
2.478
2.230
2.402
2.345
2.594
2.592
2.378
2.372
2.482
2.281
5.657
2.189
2.530
2.318
2.147
2.579
2.410
2.250
2.400
2.443
2.480
2.342
2.597
2.245
2.653
2.123
2.502
2.213
2.261
2.479
2.292
2.390
2.381
2.534
2.282
2.312
2.365
2.268
2.161
2.304
1.982
1.310
2.026
2.129
2.161
2.381
2.127
2.053
6.044
5.690
3.616
1.724
1.844
1.622
1.949
2.286
1.830
2.103
1.655
1.531
1.923
1.765
1.861
1.675
2.052
2.026
1.880
1.990
2.193
1.567
1.894
1.460
1.149
1.664
1.429
1.700
1.870
1.882
2.028
2.061
2.161
2.058
2.115
2.281
2.273
2.383
2.183
2.128
2.207
2.169
2.303
2.138
2.394
2.486
2.390
2.139
2.386
2.194
2.371
2.090
2.354
2.174
2.241
2.235
2.277
2.162
2.134
1.980
2.057
2.514
2.345
2.381
2.070
2.255
2.127
2.537
2.156
2.301
2.385
2.573
2.176
2.287
2.311
2.244
2.197
2.099
2.249
2.388
2.326
2.148
2.355
2.311
2.426
2.353
2.442
2.157
2.240
2.469
2.467
2.270
2.329
2.229
2.029
2.397
2.239
2.095
2.105
2.210
2.016
2.202
2.201
2.016
2.183
2.142
2.066
1.957
2.062
2.161
2.349
2.117
2.390
2.084
2.336
6.155
2.135
2.224
2.217
2.466
2.291
2.407
2.248
2.182
2.227
4.821
2.364
2.546
2.561
2.508
2.532
2.093
2.165
2.469
2.290
2.588
2.768
2.615
2.302
2.546
2.376
2.528
2.338
2.363
3.752
3.566
3.958
3.227
2.597
2.733
2.487
2.356
5.359
2.581
3.521
2.675
2.498
4.373
2.349
2.366
2.846
2.407
2.635
2.596
3.105
2.474
2.149
2.318
2.240
2.192
2.371
2.321
2.535
2.390
2.166
2.590
2.218
2.345
2.349
2.458
2.308
2.334
0.000
2.304
6.115
6.566
6.575
6.595
6.624
6.631
6.644
6.686
6.561
6.548
6.525
6.584
6.568
6.573
6.539
6.557
6.515
6.553
6.575
6.591
6.584
6.565
6.550
6.582
6.587
