7.295
6.834
6.787
6.826
6.841
6.803
6.774
6.769
6.705
6.735
6.795
6.845
6.830
6.879
6.842
6.862
6.880
6.914
6.948
6.881
6.867
6.916
6.905
6.939
6.931
6.944
6.916
6.928
6.961
6.885
6.922
6.928
6.947
6.927
6.939
6.969
6.923
6.853
6.862
6.870
6.886
6.778
6.821
6.945
6.913
6.917
6.976
6.995
6.976
6.885
6.911
6.994
6.962
6.866
6.859
6.888
6.949
6.867
6.838
6.882
6.859
7.000
6.893
6.875
6.938
6.969
6.977
6.983
6.965
6.825
6.879
6.975
6.991
6.824
6.657
6.641
6.637
6.623
6.784
6.726
6.697
6.652
6.657
6.639
6.640
6.651
6.619
6.638
6.598
6.702
6.661
6.618
6.614
6.644
6.659
6.668
6.620
6.871
6.774
6.687
6.667
6.677
6.682
6.675
6.652
6.663
6.709
6.667
6.661
6.673
6.602
6.667
6.633
6.684
6.669
6.668
6.723
6.713
6.661
6.674
6.670
6.626
6.654
6.680
6.661
6.701
6.817
6.757
6.655
6.677
6.675
6.721
6.799
6.775
6.674
6.697
6.719
6.685
6.696
6.765
6.749
6.774
6.751
6.711
6.742
6.771
6.749
6.730
6.775
6.738
6.798
6.822
6.805
6.869
6.767
6.904
7.064
6.866
6.912
6.862
6.908
6.800
6.884
6.694
6.736
6.705
6.767
6.680
6.722
6.794
6.737
6.674
6.649
6.639
6.628
6.640
6.620
6.681
6.676
6.774
6.955
6.976
7.021
6.979
7.096
7.243
7.302
7.112
6.621
6.838
6.647
6.717
6.684
6.737
6.894
6.764
6.759
6.795
6.806
6.799
6.757
6.737
6.748
6.721
6.770
6.686
6.734
6.717
6.738
6.708
6.709
6.681
6.739
6.675
6.708
6.672
6.762
6.697
6.733
6.742
6.757
6.760
6.718
6.758
6.763
6.747
6.796
6.791
6.762
6.825
6.789
6.784
6.772
6.741
6.810
6.838
6.770
6.784
6.767
6.769
6.727
6.838
6.785
6.794
6.724
6.768
6.760
6.754
6.811
6.755
6.712
6.742
6.822
6.806
6.698
6.790
6.796
6.848
6.887
6.798
6.780
6.833
6.872
6.806
6.879
6.804
6.907
6.840
6.845
6.840
7.032
6.956
6.880
6.869
6.880
6.761
6.894
6.824
6.724
6.884
6.740
6.962
6.810
6.976
6.753
6.931
6.850
7.179
7.412
7.603
7.664
7.743
7.718
7.688
7.621
7.587
7.565
7.576
7.555
7.547
7.500
7.480
7.471
7.451
7.435
7.426
7.452
7.402
7.462
7.423
7.307
6.163
7.455
6.674
6.632
6.620
6.625
6.618
6.603
6.612
6.699
6.682
6.699
6.686
6.723
6.689
6.717
6.699
6.721
6.713
6.728
6.724
6.755
6.712
6.733
6.725
6.713
6.715
6.727
6.710
6.716
6.742
6.717
6.724
6.722
6.761
6.747
6.719
6.724
6.715
6.732
6.704
6.690
6.680
6.733
6.707
6.709
6.759
6.719
6.722
6.752
6.773
6.752
6.760
6.765
6.754
6.792
6.805
6.816
6.808
6.812
6.808
6.778
6.816
6.785
6.783
6.793
6.792
6.819
6.819
6.851
6.728
7.161
7.042
7.256
7.121
6.579
6.793
6.815
6.714
6.694
6.749
6.729
6.669
6.669
6.616
6.678
6.611
6.588
6.630
6.606
6.662
6.712
6.669
6.690
6.660
6.662
6.629
6.667
6.719
6.718
6.710
6.730
6.716
6.655
6.705
6.693
6.667
6.826
6.890
6.740
6.699
6.689
6.685
6.707
6.694
6.656
6.712
6.682
6.689
6.690
6.692
6.683
6.652
6.641
6.617
6.670
6.700
6.733
6.791
6.784
6.748
6.807
6.797
6.786
6.895
6.865
6.826
7.108
6.751
6.762
6.745
6.703
6.672
6.689
6.692
6.702
6.623
6.637
6.597
6.519
6.470
6.519
6.349
6.135
3.206
3.332
3.134
2.765
2.687
0.000
2.901
2.992
2.753
2.807
6.154
6.303
6.382
6.602
6.690
6.778
6.756
6.789
6.879
6.861
6.917
6.897
6.841
6.870
6.847
6.800
6.791
6.794
6.776
6.749
6.773
6.788
