1 912
2 912
3 912
4 912
5 912
6 912
7 1042
8 1042
9 1303
10 1433
11 1563
12 1693
13 1824
14 1954
15 2084
16 2345
17 2345
18 2605
19 2735
20 2866
21 2605
22 2475
23 2475
24 2735
25 2866
26 2866
27 2866
28 2866
29 2866
30 2735
31 2605
32 2345
33 2345
34 2345
35 2345
36 2345
37 2345
38 2345
39 2345
40 2345
41 2345
42 2345
43 2345
44 2345
45 2475
46 3126
47 2866
48 2605
49 3126
50 2996
51 3126
52 3256
53 3256
54 3387
55 3387
56 3777
57 3908
58 4038
59 4168
60 4298
61 4429
62 4429
63 4429
64 4819
65 4819
66 4950
67 4950
68 4950
69 5080
70 4950
71 4950
72 4819
73 4689
74 4819
75 4819
76 4950
77 5080
78 5080
79 5080
80 5080
81 4950
82 4819
83 4819
84 4819
85 4950
86 4950
87 5080
88 5210
89 5210
90 5471
91 5731
92 5601
93 5731
94 5731
95 5992
96 5992
97 6122
98 5992
99 6122
100 6513
101 6122
102 6122
103 6643
104 6903
105 6122
106 6252
107 6643
108 7034
109 7164
110 7424
111 6643
112 7034
113 7034
114 7424
115 6643
116 7034
117 7164
118 7424
119 7685
120 7164
121 7555
122 7685
123 7164
124 7555
125 7034
126 7164
127 7424
128 7034
129 7034
130 7294
131 7555
132 7164
133 7424
134 7164
135 7424
136 7164
137 7424
138 7685
139 7164
140 7555
141 7685
142 7555
143 7685
144 7685
145 7685
146 7685
147 7685
148 7685
149 7555
150 7685
151 7424
152 7685
153 7294
154 7164
155 7034
156 6903
157 6643
158 6252
159 6122
160 6122
161 6122
162 6122
163 6122
164 6122
165 6122
166 6513
167 6643
168 6643
169 6252
170 6252
171 6252
172 6122
173 6122
174 5992
175 5861
176 5861
177 5861
178 5731
179 5601
180 5601
181 5471
182 5210
183 5080
184 4950
185 4819
186 4429
187 4298
188 4429
189 4168
190 4429
191 4168
192 4429
193 4298
194 4168
195 4429
196 4168
197 4429
198 4038
199 4429
200 4038
201 4298
202 4038
203 4298
204 4038
205 4298
206 4038
207 4298
208 4038
209 4298
210 3908
211 4168
212 4429
213 4038
214 4298
215 4038
216 4298
217 3777
218 4038
219 4429
220 3777
221 4038
222 4429
223 3777
224 4038
225 3647
226 4038
227 4298
228 4298
229 4298
230 4298
231 4298
232 4429
233 4429
234 4298
235 4298
236 4298
237 4298
238 4298
239 4298
240 4298
241 4298
242 4298
243 4168
244 4038
245 4038
246 4038
247 3908
248 3777
249 3387
250 3256
251 3256
252 3126
253 3126
254 2866
255 2084
256 2866
257 2084
258 1954
259 1954
260 1954
261 1824
262 1824
263 1693
264 1563
265 1433
266 1303
267 1303
268 1303
269 1303
270 1303
271 1303
272 1303
273 1303
274 1433
275 1433
276 1433
277 1433
278 1433
279 1433
280 1433
281 1433
282 1433
283 1433
284 1433
285 1433
286 1433
287 1303
288 1303
289 1303
290 1303
291 1303
292 1303
293 1303
294 1303
295 1303
296 1303
297 1303
298 1303
299 1303
300 1303
301 1303
302 1303
303 1303
304 1303
305 1303
306 1303
307 1303
308 1303
309 1303
310 1303
311 1303
312 1303
313 1303
314 1303
315 1303
316 1303
317 1303
318 1303
319 1433
320 1433
321 1433
322 1433
323 1433
324 1433
325 1433
326 1433
327 1433
328 1433
329 1563
330 1563
331 1433
332 1563
333 1433
334 1433
335 1433
336 1433
337 1433
338 1433
339 1563
340 1563
341 1563
342 1563
343 1563
344 1563
345 1563
346 1563
347 1563
348 1563
349 1563
350 1563
351 1563
352 1563
353 1563
354 1563
355 1563
356 1563
357 1563
358 1433
359 1563
360 1563
361 1563
362 1563
363 1563
364 1563
365 1563
366 1563
367 1563
368 1563
369 1563
370 1563
371 1563
372 1563
373 1563
374 1563
375 1563
376 1563
377 1563
378 1563
379 1563
380 1563
381 1563
382 1563
383 1563
384 1563
385 1563
386 1563
387 1563
388 1563
389 1563
390 1563
391 1563
392 1563
393 1563
394 1563
395 1563
396 1563
397 1563
398 1563
399 1563
400 1563
401 1693
402 1693
403 1693
404 1693
405 1693
406 1693
407 1693
408 1693
409 1693
410 1693
411 1693
412 1693
413 1693
414 1693
415 1693
416 1693
417 1693
418 1693
419 1693
420 1693
421 1693
422 1693
423 1693
424 1824
425 1824
426 1824
427 1824
428 1824
429 1824
430 1824
431 1824
432 1954
433 1824
434 1954
435 1824
436 1954
437 1824
438 1824
439 1824
440 1824
441 1824
442 1824
443 1824
444 1824
445 1824
446 1824
447 1693
448 1693
449 1824
450 1824
451 1824
452 1824
453 1824
454 1954
455 1824
456 1954
457 1954
458 1824
459 1954
460 1954
461 1954
462 1824
463 1954
464 1824
465 1824
466 1824
467 1824
468 1824
469 1824
470 1824
471 1824
472 1824
473 1824
474 1824
475 1693
476 1563
477 1563
478 1563
479 1563
480 1563
481 1563
482 1563
483 1563
484 1563
485 1563
486 1563
487 1563
488 1563
489 1563
490 1563
491 1563
492 1563
493 1693
494 1824
495 1824
496 1824
497 1824
498 1824
499 1824
500 1824
501 1824
502 1824
503 1824
504 1824
505 1824
506 1824
507 1954
508 1954
509 1954
510 1954
511 1954
512 1954
513 1954
514 1954
515 1954
516 1954
517 1954
518 1954
519 1954
520 1954
521 1954
522 1954
523 1954
524 1954
525 1824
526 1954
527 1954
528 1824
529 1824
530 1824
531 1824
532 1954
533 1954
534 1954
535 1954
536 1954
537 1954
538 1824
539 1693
540 1693
541 1693
542 1693
543 1693
544 1693
545 1693
546 1693
547 1693
548 1693
549 1693
550 1693
551 1693
552 1693
553 1693
554 1693
555 1563
556 1563
557 1563
558 1563
559 1563
560 1563
561 1563
562 1563
563 1563
564 1563
565 1563
566 1693
567 1824
568 1954
569 1954
570 1954
571 1954
572 1954
573 1954
574 1954
575 1954
576 1954
577 1954
578 1954
579 1954
580 1954
581 1954
582 1954
583 1954
584 1954
585 1954
586 1954
587 1954
588 1824
589 1824
590 1824
591 1824
592 1824
593 1954
594 1954
595 1954
596 1954
597 1954
598 1954
599 1954
600 1954
601 1954
602 1824
603 1824
604 1824
605 1954
606 1954
607 1954
608 1954
609 1954
610 1954
611 1954
612 1954
613 1824
614 1693
615 1693
616 1693
617 1693
618 1693
619 1693
620 1954
621 1954
622 2084
623 2084
624 2084
625 2214
626 2345
627 2345
628 2345
629 2345
630 2345
631 2345
632 2345
633 2345
634 2345
635 2345
636 2605
637 2605
638 2605
639 2605
640 2605
641 2735
642 2735
643 2735
644 2605
645 2605
646 2605
647 2605
648 2735
649 2345
650 2345
651 2345
652 2345
653 2345
654 2345
655 2345
656 2345
657 2345
658 2345
659 2345
660 2345
661 2605
662 2605
663 2866
664 2866
665 2996
666 3126
667 3126
668 3126
669 3126
670 3256
671 3256
672 3256
673 3256
674 3256
675 3256
676 3256
677 3126
678 3126
679 3126
680 3126
681 3126
682 3126
683 3126
684 3126
685 3126
686 3256
687 3256
688 3256
689 3256
690 3256
691 3256
692 3256
693 3126
694 3126
695 3126
696 3126
697 3256
698 3256
699 3256
700 3256
701 3256
702 3256
703 3256
704 3256
705 3256
706 3256
707 3256
708 3256
709 3126
710 3126
711 3126
712 3126
713 3126
714 3126
715 3126
716 3256
717 3256
718 3256
719 3256
720 3126
721 3126
722 3126
723 3126
724 3126
725 3126
726 3126
727 3256
728 3256
729 3256
730 3256
731 3256
732 3256
733 3256
734 3256
735 3126
736 3126
737 3126
738 3126
739 3126
740 3126
741 3256
742 3256
743 3256
744 3256
745 3256
746 3126
747 3126
748 2996
749 2996
750 2996
751 3126
752 3126
753 3126
754 3126
755 3126
756 3126
757 3126
758 3126
759 3126
760 2996
761 2996
762 2866
763 3256
764 3126
765 2996
766 3126
767 3256
768 3256
769 3256
770 3126
771 3126
772 2866
773 2214
774 1954
775 1954
776 1954
777 1954
778 1954
779 1954
780 1954
781 1954
782 1954
783 1824
784 1693
785 1563
786 1433
787 1303
788 1303
789 1303
790 1303
791 1303
792 1303
793 1303
794 1303
795 1303
796 1303
797 1303
798 1433
799 1433
800 1433
801 1433
802 1433
803 1433
804 1433
805 1433
806 1433
807 1433
808 1433
809 1433
810 1433
811 1433
812 1433
813 1433
814 1433
815 1433
816 1433
817 1433
818 1303
819 1433
820 1433
821 1433
822 1433
823 1433
824 1433
825 1433
826 1433
827 1433
828 1433
829 1433
830 1433
831 1433
832 1433
833 1433
834 1303
835 1303
836 1303
837 1303
838 1303
839 1303
840 1303
841 1303
842 1303
843 1303
844 1303
845 1303
846 1303
847 1303
848 1303
849 1303
850 1303
851 1303
852 1303
853 1303
854 1303
855 1433
856 1303
857 1433
858 1433
859 1433
860 1433
861 1433
862 1563
863 1563
864 1563
865 1563
866 1563
867 1433
868 1563
869 1433
870 1563
871 1563
872 1563
873 1563
874 1563
875 1563
876 1563
877 1563
878 1563
879 1563
880 1563
881 1563
882 1563
883 1563
884 1563
885 1433
886 1433
887 1563
888 1563
889 1433
890 1563
891 1563
892 1563
893 1563
894 1563
895 1563
896 1563
897 1693
898 1824
899 1824
900 1954
901 1954
902 2084
903 2084
904 2345
905 2475
906 2605
907 2866
908 2996
909 3126
910 3126
911 3126
912 3256
913 3256
914 3256
915 3256
916 3256
917 3387
918 3387
919 3517
920 3647
921 3777
922 3777
923 3777
924 3777
925 3908
926 3908
927 4038
928 4038
929 4038
930 4038
931 4038
932 4168
933 4168
934 4298
935 4298
936 4429
937 4429
938 4429
939 4429
940 4429
941 4429
942 4429
943 4429
944 4429
945 4429
946 4689
947 4689
948 4689
949 4429
950 4429
951 4429
952 4429
953 4689
954 4819
955 4819
956 4950
957 4950
958 4950
959 4950
960 4950
961 4950
962 4950
963 4819
964 4819
965 4819
966 4819
967 4429
968 4950
969 4819
970 4429
971 4819
972 4689
973 4429
974 4819
975 4689
976 4689
977 4819
978 4819
979 4819
980 4819
981 4689
982 4689
983 4689
984 4689
985 4429
986 4950
987 4689
988 4429
989 4298
990 4429
991 4819
992 4819
993 4819
994 4819
995 4819
996 4819
997 4819
998 4819
999 4819
1000 4689
1001 4429
1002 4429
1003 4298
1004 4168
1005 4038
1006 4038
1007 3908
1008 3777
1009 3777
1010 3517
1011 3256
1012 3256
1013 3256
1014 3126
1015 2996
1016 2866
1017 2084
1018 2735
1019 1954
1020 1824
1021 1824
1022 1693
1023 1563
1024 1563
1025 1563
1026 1563
1027 1563
1028 1563
1029 1563
1030 1563
1031 1563
1032 1563
1033 1563
1034 1563
1035 1563
1036 1563
1037 1563
1038 1563
1039 1563
1040 1563
1041 1563
1042 1563
1043 1563
1044 1563
1045 1563
1046 1563
1047 1563
1048 1563
1049 1563
1050 1563
1051 1563
1052 1563
1053 1563
1054 1563
1055 1563
1056 1563
1057 1563
1058 1563
1059 1563
1060 1563
1061 1563
1062 1563
1063 1563
1064 1563
1065 1563
1066 1563
1067 1563
1068 1563
1069 1563
1070 1563
1071 1563
1072 1563
1073 1563
1074 1563
1075 1563
1076 1563
1077 1563
1078 1563
1079 1563
1080 1563
1081 1563
1082 1563
1083 1563
1084 1563
1085 1563
1086 1563
1087 1563
1088 1563
1089 1563
1090 1563
1091 1563
1092 1563
1093 1563
1094 1563
1095 1563
1096 1563
1097 1563
1098 1563
1099 1563
1100 1563
1101 1563
1102 1563
1103 1563
1104 1563
1105 1563
1106 1563
1107 1563
1108 1563
1109 1563
1110 1563
1111 1563
1112 1563
1113 1563
1114 1563
1115 1563
1116 1563
1117 1563
1118 1563
1119 1563
1120 1563
1121 1563
1122 1563
1123 1563
1124 1563
1125 1563
1126 1563
1127 1563
1128 1563
1129 1563
1130 1563
1131 1563
1132 1563
1133 1563
1134 1433
1135 1563
1136 1563
1137 1563
1138 1693
1139 1563
1140 1693
1141 1563
1142 1563
1143 1563
1144 1563
1145 1563
1146 1563
1147 1563
1148 1563
1149 1563
1150 1563
1151 1563
1152 1563
1153 1563
1154 1693
1155 1693
1156 1693
1157 1693
1158 1693
1159 1693
1160 1563
1161 1563
1162 1693
1163 1693
1164 1693
1165 1824
1166 1824
1167 1824
1168 1824
1169 1824
1170 1693
1171 1693
1172 1563
1173 1563
1174 1693
1175 1693
1176 1693
1177 1693
1178 1824
1179 1824
1180 1824
1181 1693
1182 1693
1183 1693
1184 1693
1185 1693
1186 1693
1187 1693
1188 1824
1189 1693
1190 1563
1191 1563
1192 1563
1193 1303
1194 1303
1195 1303
1196 1172
1197 1172
1198 1042
