1 7.031
2 7.048
3 6.712
4 6.598
5 6.519
6 6.237
7 5.946
8 5.874
9 5.441
10 2.562
11 2.958
12 3.102
13 3.070
14 2.860
15 2.546
16 2.973
17 3.042
18 2.651
19 3.030
20 2.660
21 2.728
22 2.923
23 2.780
24 3.099
25 2.946
26 2.897
27 2.942
28 3.095
29 3.045
30 3.070
31 2.705
32 3.044
33 2.947
34 2.896
35 3.055
36 2.827
37 2.724
38 2.529
39 2.265
40 2.325
41 2.845
42 2.866
43 2.636
44 2.730
45 2.645
46 2.636
47 2.264
48 2.410
49 2.676
50 2.435
51 2.534
52 2.816
53 2.995
54 2.646
55 2.673
56 2.950
57 2.741
58 2.793
59 2.406
60 2.442
61 2.934
62 2.451
63 2.400
64 2.228
65 2.222
66 2.393
67 2.244
68 2.447
69 2.611
70 2.499
71 2.212
72 2.423
73 2.265
74 2.213
75 2.646
76 2.600
77 2.415
78 2.341
79 2.235
80 2.501
81 2.408
82 2.138
83 2.444
84 2.184
85 2.410
86 2.302
87 2.253
88 2.190
89 2.211
90 2.669
91 2.204
92 2.390
93 2.333
94 2.577
95 2.268
96 2.226
97 2.474
98 2.170
99 2.566
100 2.518
101 2.288
102 2.126
103 2.131
104 2.475
105 2.301
106 2.290
107 2.449
108 2.129
109 2.317
110 2.317
111 2.342
112 2.608
113 2.294
114 2.382
115 2.397
116 2.480
117 2.544
118 2.062
119 2.249
120 2.523
121 2.184
122 2.090
123 2.449
124 2.343
125 2.203
126 2.285
127 2.454
128 2.523
129 2.307
130 2.543
131 2.230
132 2.262
133 2.444
134 2.247
135 2.161
136 2.383
137 2.394
138 2.307
139 2.396
140 2.313
141 2.527
142 2.489
143 2.245
144 2.245
145 2.569
146 2.334
147 2.484
148 3.643
149 2.221
150 2.486
151 2.459
152 2.407
153 5.597
154 2.609
155 2.568
156 2.695
157 2.559
158 2.496
159 2.322
160 2.358
161 2.520
162 2.556
163 2.293
164 2.549
165 2.510
166 2.500
167 2.309
168 2.489
169 2.152
170 2.222
171 2.202
172 2.380
173 2.305
174 2.271
175 2.138
176 2.300
177 2.401
178 2.383
179 2.078
180 1.965
181 2.168
182 2.040
183 2.007
184 2.245
185 2.056
186 2.196
187 6.659
188 6.346
189 1.789
190 1.853
191 2.010
192 2.127
193 2.194
194 2.340
195 2.194
196 2.108
197 2.039
198 2.248
199 2.146
200 2.170
201 2.071
202 2.054
203 2.121
204 2.479
205 2.514
206 2.365
207 2.203
208 2.137
209 2.200
210 2.363
211 2.175
212 2.579
213 2.373
214 2.193
215 2.282
216 2.511
217 2.252
218 2.182
219 2.359
220 2.313
221 2.271
222 2.608
223 2.561
224 2.185
225 2.366
226 2.286
227 2.168
228 2.349
229 2.400
230 2.473
231 2.509
232 2.630
233 2.559
234 2.358
235 2.190
236 2.556
237 2.406
238 2.353
239 2.252
240 2.503
241 2.144
242 2.478
243 2.230
244 2.402
245 2.345
246 2.594
247 2.592
248 2.378
249 2.372
250 2.482
251 2.281
252 5.657
253 2.189
254 2.530
255 2.318
256 2.147
257 2.579
258 2.410
259 2.250
260 2.400
261 2.443
262 2.480
263 2.342
264 2.597
265 2.245
266 2.653
267 2.123
268 2.502
269 2.213
270 2.261
271 2.479
272 2.292
273 2.390
274 2.381
275 2.534
276 2.282
277 2.312
278 2.365
279 2.268
280 2.161
281 2.304
282 1.982
283 1.310
284 2.026
285 2.129
286 2.161
287 2.381
288 2.127
289 2.053
290 6.044
291 5.690
292 3.616
293 1.724
294 1.844
295 1.622
296 1.949
297 2.286
298 1.830
299 2.103
300 1.655
301 1.531
302 1.923
303 1.765
304 1.861
305 1.675
306 2.052
307 2.026
308 1.880
309 1.990
310 2.193
311 1.567
312 1.894
313 1.460
314 1.149
315 1.664
316 1.429
317 1.700
318 1.870
319 1.882
320 2.028
321 2.061
322 2.161
323 2.058
324 2.115
325 2.281
326 2.273
327 2.383
328 2.183
329 2.128
330 2.207
331 2.169
332 2.303
333 2.138
334 2.394
335 2.486
336 2.390
337 2.139
338 2.386
339 2.194
340 2.371
341 2.090
342 2.354
343 2.174
344 2.241
345 2.235
346 2.277
347 2.162
348 2.134
349 1.980
350 2.057
351 2.514
352 2.345
353 2.381
354 2.070
355 2.255
356 2.127
357 2.537
358 2.156
359 2.301
360 2.385
361 2.573
362 2.176
363 2.287
364 2.311
365 2.244
366 2.197
367 2.099
368 2.249
369 2.388
370 2.326
371 2.148
372 2.355
373 2.311
374 2.426
375 2.353
376 2.442
377 2.157
378 2.240
379 2.469
380 2.467
381 2.270
382 2.329
383 2.229
384 2.029
385 2.397
386 2.239
387 2.095
388 2.105
389 2.210
390 2.016
391 2.202
392 2.201
393 2.016
394 2.183
395 2.142
396 2.066
397 1.957
398 2.062
399 2.161
400 2.349
401 2.117
402 2.390
403 2.084
404 2.336
405 6.155
406 2.135
407 2.224
408 2.217
409 2.466
410 2.291
411 2.407
412 2.248
413 2.182
414 2.227
415 4.821
416 2.364
417 2.546
418 2.561
419 2.508
420 2.532
421 2.093
422 2.165
423 2.469
424 2.290
425 2.588
426 2.768
427 2.615
428 2.302
429 2.546
430 2.376
431 2.528
432 2.338
433 2.363
434 3.752
435 3.566
436 3.958
437 3.227
438 2.597
439 2.733
440 2.487
441 2.356
442 5.359
443 2.581
444 3.521
445 2.675
446 2.498
447 4.373
448 2.349
449 2.366
450 2.846
451 2.407
452 2.635
453 2.596
454 3.105
455 2.474
456 2.149
457 2.318
458 2.240
459 2.192
460 2.371
461 2.321
462 2.535
463 2.390
464 2.166
465 2.590
466 2.218
467 2.345
468 2.349
469 2.458
470 2.308
471 2.334
472 0.000
473 2.304
474 6.115
475 6.566
476 6.575
477 6.595
478 6.624
479 6.631
480 6.644
481 6.686
482 6.561
483 6.548
484 6.525
485 6.584
486 6.568
487 6.573
488 6.539
489 6.557
490 6.515
491 6.553
492 6.575
493 6.591
494 6.584
495 6.565
496 6.550
497 6.582
498 6.587
