1560
1560
1576
1189
1424
1536
1567
1695
1677
1646
1486
1549
1761
1678
1512
1534
1583
1649
1766
1680
1658
1637
1624
1646
1671
1756
1680
1521
1657
1632
1691
1780
1715
1608
1632
1880
1962
1816
1949
1989
2066
2057
1990
2063
2089
1692
1409
868
520
344
255
238
218
735
1230
1483
1517
1503
1631
1682
1861
1911
1999
1938
2064
2030
1948
1794
2049
1980
1930
1812
1914
1877
2020
1896
1760
1810
1946
1845
1770
1682
1770
1814
2028
1825
1712
1803
1832
1639
1662
1566
1595
1551
1600
1466
1690
1636
1515
1278
969
785
665
652
751
771
883
899
837
892
953
897
907
905
924
924
937
973
1042
1078
1027
910
994
1063
991
936
1004
920
720
616
778
967
1134
1147
1250
1180
1090
1145
1256
1216
1101
1085
1089
1228
1124
995
1170
1096
1201
1131
1130
1222
1261
1154
1115
1156
1103
1247
1148
1216
1213
1246
1269
1113
1131
1293
1234
1172
1197
1214
