676
676
1150
1352
1217
1217
1150
1217
1217
1217
1217
1352
1352
1352
1285
1352
1285
1217
1217
1285
1488
1420
1352
1285
1217
1285
1285
1285
1352
1488
1555
1555
1555
1488
1623
1623
1623
1623
1690
1690
1690
1690
1690
1690
1690
1623
1082
811
744
676
676
676
676
879
1014
1217
1352
1352
1420
1420
1488
1488
1623
1623
1623
1623
1488
1488
1623
1623
1488
1420
1555
1488
1488
1488
1352
1488
1488
1488
1352
1420
1488
1555
1555
1488
1420
1555
1488
1420
1420
1420
1488
1488
1488
1488
1623
1623
1488
1217
1014
1014
1014
1014
1014
1014
1014
1014
1014
1014
1014
1014
1014
1014
1014
1014
1014
1014
1014
1014
1014
1014
1014
1014
1014
1014
1014
947
811
811
947
1014
1082
1150
1150
1082
1082
1082
1082
1082
1082
1082
1082
1082
1082
1014
1082
1082
1082
1082
1014
1082
1082
1082
1082
1082
1150
1150
1082
1082
1217
1217
1082
1082
1217
1217
1217
1150
1217
1285
