1.846
1.304
2.419
6.321
2.645
2.389
2.378
2.417
2.562
2.511
2.448
2.419
2.406
2.496
2.671
2.538
2.399
2.428
2.503
2.420
2.325
2.405
2.399
2.655
2.456
2.955
2.380
3.714
2.479
5.339
2.204
2.588
2.417
2.625
2.574
1.757
1.815
2.673
2.379
2.588
1.798
2.328
2.329
2.573
2.341
2.411
2.313
2.423
2.490
2.664
3.415
3.544
7.331
7.189
2.509
2.546
2.579
2.424
2.546
2.539
2.433
2.571
2.575
2.269
2.335
2.210
2.416
2.380
2.254
2.326
2.489
2.574
2.389
2.302
2.238
2.431
2.394
2.390
2.140
2.584
2.359
2.319
2.329
2.382
1.898
2.433
2.585
2.230
2.341
2.553
2.629
2.507
2.361
2.454
2.494
2.628
2.521
2.473
2.483
2.516
2.815
2.748
3.246
3.869
2.557
2.568
2.567
2.563
2.631
2.497
2.535
2.746
2.606
2.809
2.417
2.700
2.900
2.467
2.566
2.442
2.647
2.716
2.545
2.568
2.628
2.567
2.465
2.420
2.363
2.771
2.746
2.710
2.491
2.451
2.322
2.131
2.498
2.639
2.590
2.484
2.626
2.466
2.810
2.285
1.779
2.698
2.617
2.492
2.495
2.627
2.366
2.395
2.498
2.703
2.761
2.561
2.515
2.478
2.440
2.582
2.529
2.670
2.580
2.509
2.503
2.527
2.654
4.908
2.715
2.657
