7.153
6.418
5.930
3.620
3.607
3.452
3.603
3.509
3.241
3.143
3.514
3.610
3.539
3.557
3.634
3.598
3.632
3.545
3.448
3.633
3.573
3.468
3.523
3.592
3.643
3.658
3.471
3.509
3.289
3.643
3.570
3.315
3.632
3.278
3.319
3.615
3.552
3.472
3.711
3.714
3.681
3.648
3.631
3.613
3.117
2.973
3.116
2.835
3.128
3.019
3.259
3.160
3.431
3.098
3.512
3.497
3.656
3.667
3.701
3.471
3.603
3.683
3.479
3.648
3.609
3.568
6.198
3.575
3.528
3.399
3.301
3.455
3.650
3.579
3.397
3.256
3.592
3.206
3.553
3.510
3.474
3.586
3.540
3.430
3.621
3.637
3.563
3.570
3.573
3.515
3.559
3.481
3.574
3.061
3.695
3.486
3.500
3.254
2.903
3.455
3.143
3.230
3.173
3.095
3.150
3.228
2.936
3.224
3.120
3.173
3.405
3.412
3.330
3.299
3.108
3.284
3.347
3.163
3.119
3.209
3.343
2.977
3.374
3.314
3.441
3.405
3.296
3.088
3.467
3.550
3.400
2.777
3.364
3.437
3.196
3.239
3.105
3.277
2.965
3.431
3.297
2.988
3.283
3.353
3.347
3.076
2.878
3.171
3.166
3.359
3.165
3.268
2.910
3.098
2.877
3.324
3.433
4.899
3.241
3.483
3.413
3.318
3.311
3.196
3.486
3.177
3.289
3.498
3.569
